2 0.3890625 0.403125 0.0734375 0.0953125
2 0.43125 0.24375 0.1015625 0.1265625
2 0.6171875 0.384375 0.0859375 0.0859375
2 0.146875 0.3265625 0.134375 0.065625
2 0.73125 0.7578125 0.0890625 0.1
2 0.8234375 0.759375 0.1078125 0.0796875
2 0.8546875 0.6859375 0.1140625 0.0734375
2 0.8296875 0.6015625 0.0875 0.1046875
2 0.7796875 0.5265625 0.0953125 0.0609375
2 0.9265625 0.9265625 0.065625 0.09375
1 0.1484375 0.3375 0.0328125 0.0390625
0 0.4140625 0.2375 0.0515625 0.0390625
0 0.403125 0.4046875 0.0421875 0.0328125
1 0.6203125 0.38125 0.034375 0.0375
1 0.784375 0.5421875 0.03125 0.0328125
0 0.840625 0.5953125 0.04375 0.0375
0 0.721875 0.7625 0.0421875 0.0328125
0 0.825 0.746875 0.03125 0.05625
0 0.85625 0.671875 0.0296875 0.046875
0 0.921875 0.934375 0.04375 0.0328125