2 0.3359375 0.496875 0.10625 0.10625
2 0.1859375 0.909375 0.0734375 0.115625
2 0.5859375 0.7703125 0.096875 0.08125
2 0.615625 0.8171875 0.08125 0.0796875
2 0.7078125 0.7953125 0.1578125 0.09375
2 0.890625 0.8765625 0.1359375 0.078125
2 0.8984375 0.946875 0.15 0.06875
0 0.3609375 0.5078125 0.071875 0.0421875
0 0.1671875 0.94375 0.040625 0.05625
1 0.6984375 0.7640625 0.04375 0.04375
1 0.5828125 0.7828125 0.0453125 0.04375
1 0.8953125 0.8953125 0.040625 0.04375
1 0.896875 0.965625 0.0390625 0.040625