2 0.7171875 0.365625 0.053125 0.0625
2 0.4734375 0.5640625 0.0765625 0.059375
2 0.2390625 0.75625 0.0671875 0.0609375
2 0.265625 0.678125 0.0703125 0.0640625
2 0.19375 0.83125 0.0265625 0.0609375
2 0.471875 0.5078125 0.078125 0.0671875
2 0.39375 0.5625 0.0671875 0.0453125
2 0.4046875 0.5125 0.046875 0.05625
2 0.296875 0.6078125 0.0515625 0.05625
2 0.3640625 0.51875 0.04375 0.06875
2 0.403125 0.6125 0.059375 0.065625
2 0.321875 0.6421875 0.05 0.0453125
2 0.2203125 0.83125 0.0328125 0.06875
0 0.4703125 0.51875 0.021875 0.03125
0 0.475 0.559375 0.025 0.034375
0 0.2375 0.753125 0.025 0.0296875
0 0.3 0.61875 0.0203125 0.0265625
0 0.3203125 0.6328125 0.0203125 0.028125
1 0.3703125 0.5234375 0.0265625 0.0203125
1 0.2640625 0.675 0.025 0.021875
1 0.709375 0.3703125 0.0234375 0.0203125