2 0.53125 0.6578125 0.0671875 0.0640625
2 0.80625 0.8046875 0.06875 0.0703125
2 0.3984375 0.40625 0.06875 0.05625
2 0.5359375 0.409375 0.065625 0.06875
2 0.49375 0.2578125 0.0671875 0.0515625
2 0.46875 0.6 0.0703125 0.0765625
2 0.4140625 0.546875 0.0625 0.0609375
2 0.6765625 0.690625 0.0625 0.065625
2 0.346875 0.25 0.065625 0.0609375
2 0.64375 0.53125 0.0546875 0.05
2 0.425 0.325 0.0796875 0.0640625
2 0.7328125 0.7015625 0.053125 0.0625
2 0.1859375 0.134375 0.05 0.0625
2 0.484375 0.55625 0.059375 0.059375
2 0.2578125 0.3921875 0.071875 0.0625
2 0.3171875 0.3203125 0.071875 0.0515625
2 0.453125 0.5125 0.053125 0.0625
2 0.403125 0.1703125 0.046875 0.0546875
2 0.215625 0.2953125 0.0578125 0.0546875
2 0.36875 0.1421875 0.0515625 0.05625
2 0.3375 0.4703125 0.0515625 0.0515625
2 0.2515625 0.059375 0.0734375 0.0453125
2 0.6453125 0.621875 0.065625 0.0671875
2 0.3765625 0.5109375 0.0546875 0.0609375
2 0.4625 0.65 0.0546875 0.0453125
2 0.5421875 0.4703125 0.053125 0.053125
2 0.16875 0.1984375 0.0546875 0.059375
2 0.396875 0.4671875 0.053125 0.0578125
2 0.2359375 0.1265625 0.0609375 0.046875
2 0.303125 0.4828125 0.053125 0.0453125
2 0.846875 0.3625 0.065625 0.059375
2 0.603125 0.5796875 0.0734375 0.040625
2 0.665625 0.578125 0.05 0.0296875
2 0.4609375 0.371875 0.0484375 0.0640625
2 0.221875 0.3546875 0.0328125 0.0484375
2 0.190625 0.2375 0.0640625 0.059375
2 0.215625 0.26875 0.0625 0.053125
2 0.165625 0.1484375 0.0453125 0.040625
2 0.709375 0.55 0.053125 0.0453125
2 0.834375 0.6734375 0.0515625 0.06875
2 0.9015625 0.6578125 0.0453125 0.0640625