0 0.4390625 0.071875 0.0328125 0.0296875
1 0.653125 0.209375 0.0296875 0.0375
1 0.559375 0.4796875 0.0296875 0.034375
1 0.609375 0.78125 0.0390625 0.03125
1 0.6984375 0.9421875 0.034375 0.0296875
1 0.2421875 0.6375 0.034375 0.0296875
1 0.334375 0.8203125 0.0265625 0.034375
0 0.3765625 0.9390625 0.0328125 0.0375
2 0.4484375 0.0703125 0.084375 0.103125
2 0.6671875 0.1984375 0.0890625 0.0765625
2 0.56875 0.4625 0.0796875 0.0953125
2 0.2328125 0.6421875 0.1046875 0.0890625
2 0.3421875 0.809375 0.0890625 0.065625
2 0.5890625 0.7859375 0.084375 0.134375
2 0.3875 0.9578125 0.0859375 0.06875
2 0.6765625 0.9421875 0.0875 0.109375