2 0.43125 0.0796875 0.0484375 0.06875
2 0.3 0.19375 0.0703125 0.0640625
2 0.334375 0.334375 0.0796875 0.0890625
2 0.4890625 0.34375 0.1125 0.0578125
2 0.7953125 0.3328125 0.05625 0.084375
2 0.715625 0.4859375 0.059375 0.09375
2 0.7625 0.6859375 0.08125 0.0453125
2 0.528125 0.675 0.0765625 0.0625
2 0.3859375 0.69375 0.0828125 0.103125
2 0.4609375 0.890625 0.065625 0.071875
2 0.54375 0.9546875 0.0796875 0.06875
1 0.440625 0.0890625 0.034375 0.034375
1 0.315625 0.18125 0.034375 0.0390625
0 0.3359375 0.3328125 0.04375 0.046875
1 0.4859375 0.321875 0.0390625 0.034375
0 0.71875 0.5140625 0.0390625 0.046875
1 0.39375 0.690625 0.040625 0.0390625
0 0.528125 0.665625 0.0375 0.040625
0 0.7671875 0.690625 0.0375 0.0359375
0 0.44375 0.88125 0.046875 0.03125
1 0.5484375 0.971875 0.0390625 0.034375