2 0.6046875 0.5625 0.0640625 0.0515625
2 0.684375 0.5109375 0.0703125 0.05625
2 0.521875 0.89375 0.0703125 0.0328125
2 0.6421875 0.5921875 0.0625 0.071875
2 0.578125 0.7546875 0.05625 0.046875
2 0.471875 0.8421875 0.0515625 0.0515625
2 0.659375 0.75625 0.05625 0.096875
2 0.5484375 0.8515625 0.04375 0.0484375
2 0.884375 0.1484375 0.05625 0.0796875
2 0.7046875 0.6625 0.0453125 0.0421875
2 0.46875 0.7953125 0.0625 0.0625
2 0.678125 0.625 0.053125 0.0515625
2 0.6 0.621875 0.08125 0.0390625
0 0.8734375 0.153125 0.0296875 0.03125
0 0.6890625 0.4984375 0.025 0.028125
0 0.540625 0.9015625 0.0296875 0.021875
0 0.5578125 0.84375 0.03125 0.0234375
0 0.5984375 0.56875 0.0265625 0.0296875
1 0.646875 0.596875 0.0234375 0.0234375