2 0.46875 0.378125 0.0671875 0.0671875
2 0.1921875 0.678125 0.0875 0.059375
2 0.31875 0.48125 0.0765625 0.05625
2 0.8546875 0.446875 0.0765625 0.065625
2 0.6984375 0.546875 0.0890625 0.0578125
2 0.5765625 0.4859375 0.0796875 0.0640625
2 0.1390625 0.8359375 0.0640625 0.0578125
2 0.378125 0.921875 0.05 0.053125
2 0.2109375 0.953125 0.0453125 0.0609375
2 0.234375 0.575 0.0625 0.05
2 0.5609375 0.7375 0.0578125 0.0609375
2 0.228125 0.9078125 0.0515625 0.0515625
2 0.75625 0.240625 0.0609375 0.071875
2 0.46875 0.9140625 0.05 0.053125
2 0.609375 0.3671875 0.0546875 0.040625
2 0.55625 0.796875 0.0328125 0.05
2 0.425 0.7640625 0.0609375 0.053125
2 0.6453125 0.2578125 0.0609375 0.0421875
2 0.8125 0.240625 0.0453125 0.0546875
2 0.3578125 0.6015625 0.065625 0.059375
2 0.365625 0.80625 0.05 0.0328125
2 0.5484375 0.4078125 0.0515625 0.05625
2 0.6015625 0.4046875 0.0640625 0.0484375
2 0.4578125 0.9703125 0.05625 0.046875
2 0.71875 0.2328125 0.04375 0.0609375
2 0.4421875 0.653125 0.0546875 0.05625
2 0.6078125 0.66875 0.053125 0.0546875
2 0.496875 0.6015625 0.0484375 0.0546875
2 0.4046875 0.7078125 0.084375 0.046875
2 0.36875 0.6296875 0.05625 0.059375
2 0.44375 0.9421875 0.046875 0.0390625
2 0.571875 0.425 0.040625 0.0390625