2 0.275 0.596875 0.0671875 0.0640625
2 0.9171875 0.465625 0.06875 0.0703125
2 0.5328125 0.6828125 0.065625 0.0640625
2 0.4953125 0.39375 0.0734375 0.0625
2 0.8390625 0.45625 0.05625 0.0546875
2 0.278125 0.9 0.0703125 0.0609375
2 0.25 0.96875 0.06875 0.053125
2 0.2265625 0.73125 0.0703125 0.059375
2 0.1578125 0.94375 0.03125 0.05625
2 0.409375 0.5234375 0.059375 0.0578125
2 0.6546875 0.615625 0.078125 0.0640625
2 0.7625 0.578125 0.071875 0.05
2 0.1859375 0.7984375 0.0546875 0.05
2 0.3125 0.4921875 0.05 0.0546875
2 0.953125 0.546875 0.059375 0.0640625
2 0.7296875 0.4015625 0.078125 0.0671875
2 0.565625 0.328125 0.0546875 0.05
2 0.18125 0.884375 0.059375 0.071875
2 0.253125 0.8484375 0.059375 0.0578125
2 0.76875 0.5328125 0.071875 0.0484375
2 0.36875 0.6390625 0.0671875 0.05625
2 0.6140625 0.259375 0.053125 0.0640625
2 0.484375 0.4828125 0.0515625 0.0578125
2 0.478125 0.33125 0.05 0.0609375
2 0.453125 0.7578125 0.05 0.0578125
2 0.653125 0.4765625 0.0625 0.0546875
2 0.9015625 0.553125 0.071875 0.0546875
2 0.715625 0.4453125 0.0609375 0.0578125
2 0.6015625 0.496875 0.04375 0.05625
2 0.528125 0.553125 0.0515625 0.05
2 0.528125 0.29375 0.0609375 0.0453125
2 0.7046875 0.2640625 0.0578125 0.065625
2 0.56875 0.2859375 0.040625 0.0328125
2 0.4578125 0.3984375 0.05 0.0390625
2 0.340625 0.4484375 0.053125 0.0515625
2 0.3140625 0.7734375 0.0609375 0.05
2 0.3671875 0.859375 0.046875 0.0328125
2 0.334375 0.884375 0.0640625 0.03125
2 0.1859375 0.9515625 0.0578125 0.0421875
2 0.178125 0.8375 0.059375 0.0265625
2 0.4609375 0.5125 0.0375 0.0484375
2 0.6703125 0.540625 0.090625 0.0453125
2 0.4578125 0.8921875 0.065625 0.0359375
2 0.396875 0.9828125 0.0765625 0.03125
2 0.3328125 0.8375 0.053125 0.0328125
2 0.3046875 0.53125 0.05 0.0328125
2 0.675 0.228125 0.053125 0.03125
2 0.6484375 0.6453125 0.05625 0.0484375