2 0.1625 0.5046875 0.0765625 0.0609375
2 0.371875 0.88125 0.0578125 0.0734375
2 0.69375 0.821875 0.0828125 0.040625
2 0.1609375 0.3328125 0.065625 0.065625
2 0.2875 0.3 0.0625 0.059375
2 0.3265625 0.7390625 0.0640625 0.0640625
2 0.4625 0.5015625 0.0546875 0.0421875
2 0.1546875 0.6265625 0.075 0.0515625
2 0.584375 0.86875 0.053125 0.071875
2 0.7109375 0.7609375 0.0640625 0.05
2 0.7 0.609375 0.059375 0.0609375
2 0.4796875 0.740625 0.0625 0.0484375
2 0.290625 0.459375 0.03125 0.0390625
2 0.5078125 0.9203125 0.0578125 0.059375
2 0.534375 0.84375 0.0484375 0.06875
2 0.140625 0.4296875 0.0640625 0.065625
2 0.24375 0.578125 0.0453125 0.0546875
2 0.378125 0.478125 0.0578125 0.040625
2 0.625 0.8453125 0.0453125 0.0515625
2 0.25625 0.5140625 0.0359375 0.0484375
2 0.6203125 0.509375 0.0625 0.0359375
2 0.425 0.6703125 0.0546875 0.0359375
2 0.5859375 0.8125 0.0578125 0.05625
2 0.559375 0.575 0.0484375 0.05
2 0.3171875 0.490625 0.071875 0.05
2 0.40625 0.61875 0.0578125 0.0546875
2 0.4171875 0.7828125 0.046875 0.05
2 0.490625 0.7796875 0.0609375 0.0484375
2 0.359375 0.7796875 0.059375 0.053125
2 0.353125 0.8171875 0.0578125 0.0390625
2 0.509375 0.56875 0.05 0.059375
2 0.159375 0.5890625 0.053125 0.0421875
2 0.503125 0.634375 0.0515625 0.0484375
2 0.5125 0.6828125 0.0515625 0.0296875
2 0.7921875 0.959375 0.040625 0.0375
2 0.3921875 0.859375 0.05625 0.040625
2 0.43125 0.9125 0.040625 0.0484375
2 0.4640625 0.6515625 0.0359375 0.0359375
2 0.3203125 0.54375 0.053125 0.0546875
2 0.1015625 0.4515625 0.059375 0.04375
2 0.2 0.4015625 0.0578125 0.0515625
2 0.3859375 0.4203125 0.0625 0.04375
2 0.284375 0.421875 0.0453125 0.0359375
2 0.2609375 0.371875 0.0875 0.05625
2 0.2359375 0.5015625 0.0390625 0.0515625
2 0.5625 0.65625 0.0421875 0.0421875