2 0.3109375 0.603125 0.059375 0.0515625
2 0.56875 0.80625 0.0515625 0.0546875
2 0.2125 0.3609375 0.0515625 0.0609375
2 0.2609375 0.096875 0.06875 0.059375
2 0.7390625 0.8421875 0.0359375 0.05625
2 0.234375 0.159375 0.04375 0.04375
2 0.6765625 0.6765625 0.0390625 0.0453125
2 0.2953125 0.1078125 0.0484375 0.096875
2 0.5296875 0.196875 0.0546875 0.053125
2 0.5453125 0.221875 0.053125 0.0609375
2 0.49375 0.290625 0.05 0.0515625
2 0.2078125 0.1375 0.0640625 0.0390625
2 0.4 0.190625 0.0453125 0.053125