2 0.665625 0.8765625 0.096875 0.0671875
2 0.765625 0.609375 0.08125 0.071875
2 0.796875 0.6796875 0.078125 0.1046875
2 0.8578125 0.8484375 0.075 0.078125
2 0.9515625 0.840625 0.0734375 0.096875
2 0.7578125 0.8546875 0.084375 0.0890625
2 0.884375 0.8 0.0703125 0.0875
2 0.7984375 0.765625 0.0921875 0.0796875
2 0.4 0.465625 0.084375 0.11875
2 0.375 0.6 0.090625 0.09375
2 0.590625 0.484375 0.0640625 0.0671875
2 0.103125 0.3203125 0.109375 0.0765625
1 0.0921875 0.334375 0.034375 0.04375
0 0.3859375 0.5984375 0.0484375 0.0421875
0 0.3765625 0.45625 0.0484375 0.0453125
1 0.60625 0.4734375 0.0375 0.0359375
1 0.7578125 0.6125 0.0390625 0.0421875
0 0.653125 0.890625 0.0390625 0.04375
0 0.7484375 0.828125 0.04375 0.05
0 0.796875 0.759375 0.0375 0.05
0 0.8046875 0.66875 0.0546875 0.046875
0 0.853125 0.8546875 0.0421875 0.0484375
1 0.9296875 0.85625 0.0375 0.034375
1 0.86875 0.8109375 0.034375 0.0375