2 0.784375 0.74375 0.06875 0.0671875
2 0.25 0.1046875 0.0671875 0.0765625
2 0.390625 0.246875 0.0671875 0.0734375
2 0.453125 0.328125 0.059375 0.0578125
2 0.2796875 0.2453125 0.0671875 0.0671875
2 0.7875 0.65 0.0609375 0.0953125
2 0.484375 0.509375 0.0453125 0.0578125
0 0.8015625 0.6484375 0.0359375 0.0296875
0 0.7859375 0.7453125 0.0296875 0.028125
1 0.5 0.53125 0.01875 0.0203125
1 0.4609375 0.3296875 0.028125 0.021875
1 0.275 0.2546875 0.025 0.0265625
1 0.3875 0.2515625 0.021875 0.025
1 0.2484375 0.10625 0.025 0.0234375