2 0.603125 0.878125 0.071875 0.1015625
2 0.3140625 0.1921875 0.065625 0.078125
2 0.4765625 0.31875 0.0671875 0.065625
2 0.515625 0.3296875 0.1 0.065625
2 0.5375 0.7515625 0.0453125 0.046875
2 0.68125 0.91875 0.0921875 0.0484375
2 0.6390625 0.7546875 0.084375 0.0984375
2 0.4625 0.7609375 0.0734375 0.04375
2 0.2109375 0.171875 0.0703125 0.0734375
0 0.5859375 0.875 0.0375 0.0265625
1 0.6765625 0.9203125 0.028125 0.0265625
0 0.6546875 0.753125 0.0296875 0.0265625
0 0.484375 0.765625 0.0296875 0.025
2 0.5859375 0.759375 0.0671875 0.065625
0 0.515625 0.325 0.025 0.0390625
1 0.4765625 0.3078125 0.0234375 0.03125
1 0.525 0.7453125 0.0265625 0.021875