2 0.2578125 0.746875 0.0609375 0.0625
2 0.3625 0.75625 0.0703125 0.059375
2 0.2328125 0.95 0.071875 0.05625
2 0.5515625 0.3765625 0.0625 0.0578125
2 0.675 0.7625 0.053125 0.059375
2 0.553125 0.8859375 0.0484375 0.084375
2 0.8640625 0.240625 0.071875 0.0546875
2 0.6546875 0.5140625 0.0671875 0.053125
2 0.9 0.5296875 0.053125 0.0390625
2 0.590625 0.440625 0.0515625 0.0640625
2 0.3625 0.94375 0.0484375 0.0484375
2 0.7453125 0.5015625 0.0640625 0.0484375
2 0.4984375 0.5703125 0.0515625 0.053125
2 0.4625 0.6890625 0.0546875 0.06875
2 0.7421875 0.584375 0.059375 0.065625
2 0.4109375 0.7703125 0.0578125 0.0484375
2 0.8359375 0.6171875 0.05 0.071875
2 0.44375 0.9328125 0.059375 0.065625
2 0.79375 0.5390625 0.0625 0.065625
2 0.9296875 0.4609375 0.059375 0.053125
2 0.5015625 0.428125 0.0546875 0.06875
2 0.4046875 0.734375 0.05625 0.0390625
2 0.3859375 0.8671875 0.0546875 0.053125
2 0.4328125 0.8578125 0.0359375 0.0546875
2 0.4046875 0.95625 0.040625 0.0421875
2 0.5515625 0.76875 0.0546875 0.059375
2 0.5046875 0.94375 0.04375 0.0390625
2 0.534375 0.575 0.0546875 0.05
2 0.6515625 0.5765625 0.05 0.0453125
2 0.5703125 0.7171875 0.046875 0.0484375
2 0.5921875 0.75 0.05 0.059375
2 0.6125 0.571875 0.0421875 0.0484375
2 0.534375 0.6625 0.0515625 0.040625
2 0.53125 0.634375 0.046875 0.0421875
2 0.9734375 0.4453125 0.0421875 0.05
2 0.8640625 0.40625 0.0625 0.0515625
2 0.8578125 0.4859375 0.0546875 0.053125
2 0.859375 0.5296875 0.0484375 0.0578125
2 0.7765625 0.58125 0.0390625 0.046875
2 0.7203125 0.553125 0.0453125 0.03125
2 0.7515625 0.465625 0.04375 0.0296875
2 0.6453125 0.4546875 0.0421875 0.0484375
2 0.8484375 0.45625 0.0453125 0.0421875
2 0.9671875 0.39375 0.034375 0.0484375
2 0.5 0.7859375 0.0484375 0.0828125