2 0.5453125 0.1203125 0.0703125 0.0828125
2 0.271875 0.675 0.0671875 0.0890625
2 0.9046875 0.0671875 0.0671875 0.0796875
2 0.85625 0.0390625 0.0640625 0.06875
2 0.309375 0.971875 0.06875 0.0453125
2 0.428125 0.6015625 0.06875 0.0796875
2 0.325 0.5734375 0.059375 0.0796875
1 0.55625 0.1203125 0.028125 0.03125
0 0.278125 0.675 0.0453125 0.03125
0 0.9 0.071875 0.0296875 0.0328125
0 0.8578125 0.05 0.0265625 0.034375
0 0.3234375 0.98125 0.0421875 0.028125
1 0.4171875 0.6078125 0.025 0.0296875
1 0.3328125 0.578125 0.03125 0.021875
2 0.696875 0.065625 0.0546875 0.046875
0 0.7078125 0.0640625 0.0265625 0.0265625
2 0.3328125 0.284375 0.0640625 0.0703125
1 0.340625 0.278125 0.028125 0.025
2 0.55625 0.8328125 0.05625 0.0546875
2 0.3796875 0.7359375 0.0734375 0.0609375
2 0.646875 0.684375 0.0578125 0.06875
2 0.8953125 0.515625 0.0625 0.059375
2 0.8359375 0.353125 0.0765625 0.0640625
2 0.7296875 0.6125 0.0546875 0.05
2 0.953125 0.4875 0.0453125 0.0515625
0 0.384375 0.7359375 0.028125 0.03125