2 0.95625 0.2875 0.071875 0.0546875
2 0.3953125 0.665625 0.0578125 0.0578125
2 0.4125 0.76875 0.0765625 0.065625
2 0.7671875 0.2375 0.0765625 0.059375
2 0.4875 0.5984375 0.0609375 0.053125
2 0.4609375 0.703125 0.05625 0.06875
2 0.53125 0.5640625 0.065625 0.0671875
2 0.80625 0.3203125 0.0546875 0.0453125
2 0.5640625 0.6390625 0.05 0.0875
2 0.921875 0.3609375 0.0671875 0.04375
2 0.559375 0.74375 0.046875 0.053125
2 0.509375 0.71875 0.0546875 0.0578125
2 0.7546875 0.3328125 0.053125 0.05625
2 0.584375 0.575 0.0453125 0.0515625
2 0.5609375 0.503125 0.05 0.078125
2 0.621875 0.375 0.0546875 0.0421875
2 0.6421875 0.5421875 0.0625 0.05625
2 0.6578125 0.490625 0.04375 0.05
2 0.9703125 0.4453125 0.053125 0.059375
2 0.7046875 0.4296875 0.0484375 0.0546875
2 0.7046875 0.325 0.0421875 0.0484375
2 0.6609375 0.4 0.0625 0.05625
2 0.871875 0.253125 0.0421875 0.05
2 0.6625 0.353125 0.046875 0.0421875
2 0.5796875 0.396875 0.0390625 0.053125
2 0.8203125 0.259375 0.0484375 0.046875
2 0.653125 0.30625 0.0515625 0.0515625
2 0.6078125 0.4921875 0.040625 0.03125
2 0.6125 0.4484375 0.059375 0.0390625
2 0.6515625 0.44375 0.05 0.034375