2 0.6953125 0.35 0.13125 0.1453125
2 0.9078125 0.409375 0.14375 0.11875
2 0.66875 0.56875 0.1375 0.134375
2 0.4765625 0.5515625 0.1296875 0.1671875
2 0.2765625 0.4703125 0.125 0.1609375
2 0.20625 0.421875 0.121875 0.1390625
2 0.078125 0.2796875 0.15 0.1359375
2 0.1578125 0.321875 0.1421875 0.1234375
2 0.3953125 0.271875 0.1140625 0.115625
1 0.45625 0.553125 0.0515625 0.0453125
1 0.259375 0.4765625 0.0484375 0.0515625
1 0.15625 0.315625 0.0421875 0.0421875
1 0.084375 0.271875 0.0484375 0.053125
0 0.1921875 0.4171875 0.0453125 0.05
0 0.6828125 0.34375 0.0515625 0.0484375