2 0.2203125 0.1390625 0.0328125 0.053125
2 0.2578125 0.3765625 0.0328125 0.0609375
2 0.246875 0.26875 0.03125 0.05625
2 0.2109375 0.209375 0.03125 0.0421875
2 0.3328125 0.4109375 0.025 0.0421875
2 0.5984375 0.30625 0.0390625 0.0484375
2 0.653125 0.33125 0.0328125 0.0546875
2 0.5984375 0.3765625 0.0546875 0.0375
2 0.9 0.48125 0.0296875 0.0421875
2 0.4640625 0.625 0.0234375 0.05
2 0.428125 0.5859375 0.028125 0.0453125
2 0.4125 0.503125 0.053125 0.03125
2 0.3390625 0.5234375 0.0484375 0.01875
2 0.8421875 0.83125 0.0234375 0.0515625
2 0.8859375 0.8296875 0.0453125 0.0390625
2 0.9203125 0.828125 0.0296875 0.0359375
2 0.8015625 0.8375 0.0484375 0.028125
2 0.690625 0.746875 0.0453125 0.046875
2 0.76875 0.775 0.034375 0.059375
2 0.6375 0.7171875 0.0328125 0.0359375
2 0.88125 0.559375 0.025 0.0515625
2 0.6296875 0.75625 0.0515625 0.0296875
2 0.628125 0.0953125 0.0515625 0.0203125
2 0.36875 0.5625 0.0265625 0.0484375