2 0.69375 0.8390625 0.1015625 0.0734375
2 0.5359375 0.778125 0.08125 0.08125
2 0.6359375 0.6953125 0.0859375 0.0859375
2 0.628125 0.5546875 0.0890625 0.08125
2 0.69375 0.41875 0.06875 0.0515625
2 0.5484375 0.584375 0.06875 0.0859375
2 0.528125 0.715625 0.096875 0.08125
2 0.5328125 0.646875 0.0765625 0.096875
2 0.309375 0.45 0.084375 0.0734375
2 0.2625 0.546875 0.075 0.109375
2 0.5328125 0.459375 0.08125 0.08125
2 0.4609375 0.6515625 0.08125 0.06875
2 0.4765625 0.53125 0.0875 0.0828125
2 0.2296875 0.4203125 0.0609375 0.0734375
2 0.3984375 0.390625 0.0671875 0.11875
2 0.2546875 0.3515625 0.0796875 0.075
2 0.3109375 0.540625 0.06875 0.09375
2 0.3515625 0.5921875 0.0484375 0.059375
2 0.34375 0.3671875 0.071875 0.10625
2 0.2859375 0.3875 0.0640625 0.0625
2 0.3890625 0.14375 0.10625 0.071875
2 0.4515625 0.1671875 0.0828125 0.0640625
2 0.34375 0.215625 0.096875 0.06875
2 0.440625 0.290625 0.084375 0.0921875
2 0.2484375 0.2515625 0.0765625 0.0671875
2 0.3109375 0.24375 0.0609375 0.0703125
0 0.3859375 0.1546875 0.0328125 0.0328125
0 0.453125 0.1546875 0.0265625 0.034375
1 0.440625 0.2890625 0.03125 0.034375
0 0.3609375 0.28125 0.03125 0.0375
2 0.365625 0.271875 0.0703125 0.0671875
1 0.246875 0.35 0.0359375 0.03125
1 0.2375 0.4234375 0.028125 0.034375
0 0.35 0.3546875 0.0421875 0.040625
0 0.384375 0.3875 0.0328125 0.0328125
0 0.3140625 0.44375 0.028125 0.0359375
0 0.5265625 0.45625 0.0296875 0.0328125
0 0.2796875 0.5546875 0.04375 0.03125
0 0.3234375 0.5328125 0.03125 0.0296875
1 0.628125 0.5609375 0.028125 0.0359375
1 0.559375 0.5828125 0.03125 0.0265625
0 0.471875 0.5296875 0.0359375 0.04375
0 0.54375 0.640625 0.0390625 0.0328125
0 0.6515625 0.6890625 0.0375 0.028125
0 0.54375 0.784375 0.03125 0.034375
1 0.6953125 0.8515625 0.028125 0.03125
0 0.390625 0.515625 0.0328125 0.0390625
2 0.3828125 0.521875 0.059375 0.0453125
1 0.36875 0.5890625 0.028125 0.0234375
1 0.51875 0.7078125 0.0265625 0.025
0 0.4484375 0.653125 0.0359375 0.03125
0 0.6890625 0.4046875 0.034375 0.034375
0 0.3 0.384375 0.03125 0.0265625
2 0.425 0.2078125 0.071875 0.08125
0 0.43125 0.203125 0.0359375 0.0296875
1 0.346875 0.21875 0.0328125 0.0359375