2 0.4046875 0.5046875 0.0375 0.040625
2 0.296875 0.590625 0.05 0.0453125
2 0.390625 0.415625 0.0328125 0.0453125
2 0.4390625 0.4140625 0.0328125 0.0421875
2 0.709375 0.1328125 0.0625 0.0546875
2 0.76875 0.1359375 0.0390625 0.046875
2 0.7625 0.05625 0.0546875 0.0484375
2 0.51875 0.0953125 0.0265625 0.0453125
2 0.546875 0.1046875 0.0296875 0.05625
2 0.4625 0.184375 0.046875 0.05625
2 0.3921875 0.24375 0.04375 0.034375
2 0.3328125 0.5765625 0.03125 0.03125
2 0.2578125 0.596875 0.0296875 0.0359375
2 0.5578125 0.5296875 0.0390625 0.0328125
2 0.2421875 0.509375 0.028125 0.0328125