2 0.784375 0.8171875 0.053125 0.0625
2 0.2453125 0.4078125 0.065625 0.0921875
2 0.409375 0.628125 0.078125 0.0640625
2 0.3953125 0.33125 0.065625 0.0640625
2 0.4890625 0.8421875 0.0640625 0.0515625
2 0.1734375 0.303125 0.0640625 0.0625
2 0.6109375 0.59375 0.0578125 0.0765625
2 0.4546875 0.7453125 0.0640625 0.0421875
0 0.503125 0.8328125 0.0328125 0.0234375
2 0.5921875 0.925 0.0546875 0.0234375
0 0.6 0.571875 0.0328125 0.028125
0 0.2578125 0.4078125 0.0359375 0.025
1 0.1671875 0.3046875 0.025 0.025