2 0.1203125 0.4953125 0.1453125 0.19375
2 0.1828125 0.428125 0.1625 0.1328125
2 0.70625 0.565625 0.1640625 0.165625
2 0.6890625 0.665625 0.140625 0.1078125
2 0.8796875 0.6953125 0.196875 0.1453125
2 0.803125 0.7859375 0.140625 0.1828125
2 0.66875 0.8578125 0.134375 0.2109375
2 0.340625 0.1015625 0.1359375 0.1671875
2 0.4078125 0.1890625 0.14375 0.140625
0 0.08125 0.4828125 0.0578125 0.0578125
0 0.19375 0.428125 0.0625 0.05625
1 0.4125 0.2 0.0484375 0.05
1 0.328125 0.10625 0.053125 0.0515625
0 0.884375 0.6671875 0.0515625 0.0640625
0 0.71875 0.5640625 0.05625 0.05625
1 0.7078125 0.6890625 0.046875 0.05625
1 0.778125 0.7984375 0.05 0.0484375
1 0.7015625 0.859375 0.0515625 0.0546875