2 0.7375 0.6734375 0.1125 0.184375
2 0.18125 0.6421875 0.1125 0.1125
2 0.08125 0.9234375 0.0796875 0.103125
2 0.33125 0.7828125 0.1046875 0.11875
2 0.659375 0.896875 0.1578125 0.090625
2 0.6546875 0.96875 0.1421875 0.059375
2 0.8171875 0.9515625 0.1 0.090625
2 0.3015625 0.4953125 0.0796875 0.10625
2 0.3921875 0.525 0.0875 0.140625
0 0.7125 0.678125 0.0671875 0.05
0 0.828125 0.9296875 0.040625 0.059375
1 0.6546875 0.921875 0.04375 0.0421875
1 0.1828125 0.6453125 0.05 0.0484375
1 0.3390625 0.778125 0.040625 0.040625
1 0.65625 0.9484375 0.040625 0.0515625
0 0.1015625 0.9328125 0.04375 0.046875