2 0.2390625 0.728125 0.0625 0.0609375
2 0.3078125 0.134375 0.0875 0.0671875
2 0.5234375 0.14375 0.0578125 0.0640625
2 0.240625 0.5109375 0.0734375 0.0828125
2 0.5453125 0.278125 0.065625 0.0828125
0 0.253125 0.515625 0.03125 0.0265625
1 0.234375 0.7328125 0.028125 0.0265625
0 0.54375 0.2890625 0.021875 0.0265625
2 0.428125 0.290625 0.0734375 0.0640625
2 0.2125 0.3125 0.08125 0.0609375
1 0.5265625 0.1421875 0.0234375 0.028125
1 0.30625 0.1421875 0.025 0.0265625
2 0.4578125 0.021875 0.065625 0.04375