2 0.2328125 0.7671875 0.0828125 0.1
2 0.375 0.3859375 0.0890625 0.078125
2 0.44375 0.415625 0.078125 0.084375
2 0.5171875 0.5625 0.0859375 0.084375
2 0.665625 0.0765625 0.1 0.0859375
2 0.321875 0.184375 0.0953125 0.0796875
2 0.428125 0.0609375 0.0796875 0.0734375
2 0.3875 0.2125 0.053125 0.0671875
2 0.4109375 0.1484375 0.078125 0.065625
0 0.24375 0.7703125 0.0328125 0.0265625
1 0.534375 0.5609375 0.0328125 0.0375
1 0.43125 0.4078125 0.034375 0.034375
2 0.109375 0.5203125 0.0875 0.078125
0 0.3265625 0.1984375 0.03125 0.040625
0 0.384375 0.2171875 0.0328125 0.0421875
0 0.41875 0.1390625 0.0328125 0.03125
0 0.5921875 0.0515625 0.0390625 0.0328125
0 0.65625 0.096875 0.034375 0.0421875
2 0.55625 0.4046875 0.128125 0.0796875
1 0.553125 0.4203125 0.0328125 0.0375
2 0.171875 0.5171875 0.0734375 0.0609375
1 0.378125 0.38125 0.0328125 0.0328125