2 0.740625 0.2625 0.0515625 0.0703125
2 0.5609375 0.2953125 0.0734375 0.0578125
2 0.2828125 0.59375 0.075 0.0734375
2 0.30625 0.946875 0.0765625 0.071875
2 0.4703125 0.7 0.0890625 0.0546875
2 0.4609375 0.5546875 0.065625 0.0515625
2 0.5234375 0.5390625 0.0578125 0.0921875
2 0.5640625 0.815625 0.0421875 0.046875
2 0.7734375 0.5875 0.05 0.065625
2 0.409375 0.98125 0.0703125 0.0328125
0 0.4703125 0.6890625 0.0234375 0.034375
0 0.5625 0.825 0.0234375 0.0234375
1 0.3078125 0.9484375 0.0265625 0.028125
0 0.446875 0.559375 0.0328125 0.021875
1 0.5109375 0.534375 0.0328125 0.0265625
0 0.7671875 0.5703125 0.0234375 0.028125
0 0.559375 0.3140625 0.0234375 0.0296875
0 0.728125 0.2625 0.03125 0.0265625