2 0.296875 0.453125 0.0765625 0.06875
2 0.41875 0.5859375 0.071875 0.0609375
2 0.546875 0.4703125 0.071875 0.08125
2 0.596875 0.4046875 0.1046875 0.0546875
2 0.5015625 0.2484375 0.0875 0.0640625
2 0.51875 0.30625 0.059375 0.0578125
2 0.45625 0.3359375 0.090625 0.0484375
2 0.4515625 0.4328125 0.08125 0.059375
2 0.3359375 0.396875 0.078125 0.053125
2 0.2625 0.36875 0.0953125 0.0484375
2 0.540625 0.38125 0.0859375 0.059375
2 0.478125 0.378125 0.059375 0.05
2 0.6421875 0.7 0.05625 0.0921875
2 0.68125 0.765625 0.096875 0.0515625
2 0.896875 0.7640625 0.0546875 0.065625
2 0.79375 0.734375 0.05625 0.0984375
2 0.7765625 0.70625 0.0328125 0.04375
2 0.7234375 0.71875 0.078125 0.046875
2 0.7625 0.4984375 0.0734375 0.0765625
2 0.1375 0.390625 0.0453125 0.05625
2 0.5765625 0.66875 0.059375 0.0609375
2 0.5421875 0.734375 0.0671875 0.03125
2 0.6234375 0.6375 0.0578125 0.0609375
2 0.8109375 0.54375 0.0625 0.0828125
2 0.759375 0.5359375 0.053125 0.040625
2 0.78125 0.378125 0.0484375 0.0546875
2 0.321875 0.3328125 0.075 0.0671875
2 0.44375 0.46875 0.05625 0.03125
0 0.903125 0.7578125 0.0234375 0.028125
1 0.775 0.71875 0.01875 0.0265625
1 0.675 0.753125 0.021875 0.028125
1 0.7234375 0.7328125 0.0328125 0.028125
0 0.5390625 0.7359375 0.0234375 0.028125
1 0.5671875 0.671875 0.028125 0.0234375
1 0.6125 0.6359375 0.0265625 0.0234375
0 0.7515625 0.5015625 0.0328125 0.03125
0 0.7921875 0.5515625 0.034375 0.028125
0 0.4140625 0.59375 0.0265625 0.03125
0 0.3 0.4375 0.0265625 0.0359375
1 0.3359375 0.4046875 0.025 0.03125
1 0.265625 0.3828125 0.0265625 0.0390625
1 0.3234375 0.3328125 0.0296875 0.028125
0 0.45625 0.4625 0.03125 0.025
0 0.45 0.4390625 0.0265625 0.0375
1 0.5859375 0.39375 0.028125 0.0359375
0 0.5328125 0.390625 0.028125 0.0359375
1 0.4578125 0.35 0.0265625 0.0296875
1 0.4890625 0.3796875 0.021875 0.025
2 0.5390625 0.334375 0.0484375 0.05625
0 0.528125 0.340625 0.0296875 0.0328125
0 0.5015625 0.2375 0.028125 0.0359375
0 0.1453125 0.3796875 0.025 0.034375
0 0.765625 0.39375 0.0234375 0.028125
1 0.8015625 0.7375 0.0234375 0.021875
1 0.6578125 0.7015625 0.034375 0.0296875