2 0.4296875 0.2484375 0.0984375 0.0890625
2 0.0890625 0.459375 0.109375 0.1671875
2 0.140625 0.53125 0.075 0.0859375
2 0.3046875 0.4296875 0.1015625 0.0953125
2 0.365625 0.4703125 0.0796875 0.1046875
2 0.3421875 0.5421875 0.075 0.08125
2 0.2453125 0.89375 0.084375 0.0953125
2 0.209375 0.55 0.0703125 0.0734375
2 0.115625 0.8078125 0.1375 0.1125
2 0.165625 0.7296875 0.159375 0.1203125
2 0.2640625 0.7296875 0.078125 0.0859375
2 0.2796875 0.525 0.075 0.0640625
2 0.4140625 0.2890625 0.0890625 0.0625
0 0.071875 0.18125 0.053125 0.04375
1 0.3359375 0.490625 0.0390625 0.0390625
1 0.065625 0.45625 0.0421875 0.04375
1 0.1140625 0.8203125 0.040625 0.04375
0 0.16875 0.6921875 0.0484375 0.0625
1 0.3453125 0.55 0.028125 0.0375