2 0.659375 0.66875 0.08125 0.0578125
2 0.8453125 0.5234375 0.065625 0.084375
2 0.43125 0.6140625 0.065625 0.0890625
2 0.3765625 0.634375 0.0640625 0.075
2 0.78125 0.3015625 0.0578125 0.0875
2 0.9078125 0.4984375 0.071875 0.0640625
2 0.9640625 0.53125 0.059375 0.08125
2 0.6265625 0.40625 0.0546875 0.08125
2 0.665625 0.3140625 0.075 0.0671875
2 0.9375 0.203125 0.0671875 0.0671875
2 0.4765625 0.6484375 0.0671875 0.0578125
2 0.896875 0.4234375 0.084375 0.065625
2 0.50625 0.8296875 0.065625 0.0703125
2 0.865625 0.30625 0.0703125 0.0640625
2 0.871875 0.2171875 0.04375 0.078125
2 0.73125 0.2625 0.065625 0.0609375
2 0.6625 0.528125 0.0640625 0.0625
2 0.834375 0.465625 0.05625 0.05
2 0.496875 0.71875 0.0703125 0.0671875
2 0.58125 0.54375 0.0546875 0.0671875
0 0.659375 0.6765625 0.028125 0.0296875
1 0.3765625 0.634375 0.0296875 0.0296875
0 0.4234375 0.6140625 0.028125 0.0265625
0 0.66875 0.5421875 0.03125 0.03125
0 0.85 0.5265625 0.0328125 0.028125
0 0.8890625 0.4265625 0.03125 0.03125
0 0.95 0.53125 0.0421875 0.0328125
1 0.909375 0.49375 0.0265625 0.0265625
0 0.790625 0.3 0.034375 0.0265625
0 0.659375 0.321875 0.03125 0.034375
0 0.5703125 0.540625 0.0265625 0.03125
0 0.846875 0.4609375 0.0296875 0.025
0 0.5171875 0.8359375 0.03125 0.025
0 0.475 0.6375 0.0234375 0.0296875