2 0.1890625 0.428125 0.175 0.090625
2 0.1984375 0.5140625 0.1390625 0.084375
2 0.559375 0.7875 0.134375 0.1203125
2 0.2734375 0.6265625 0.125 0.1046875
2 0.8140625 0.771875 0.16875 0.140625
2 0.5875 0.1828125 0.1359375 0.128125
2 0.6609375 0.225 0.1375 0.1578125
2 0.70625 0.3546875 0.15625 0.1359375
2 0.759375 0.4671875 0.128125 0.1203125
0 0.8328125 0.79375 0.0546875 0.0640625
1 0.553125 0.790625 0.05 0.0453125
1 0.2078125 0.509375 0.0546875 0.0359375
1 0.184375 0.45 0.0421875 0.0421875
1 0.5234375 0.075 0.053125 0.0453125
1 0.58125 0.1875 0.05 0.0484375
1 0.6703125 0.24375 0.0515625 0.0421875
1 0.7453125 0.475 0.0375 0.0375
1 0.7140625 0.36875 0.05 0.04375