2 0.709375 0.696875 0.06875 0.0609375
2 0.2703125 0.54375 0.0796875 0.065625
2 0.2828125 0.4953125 0.0828125 0.059375
2 0.534375 0.2203125 0.071875 0.0734375
2 0.6859375 0.3625 0.0578125 0.0625
2 0.625 0.4125 0.08125 0.0734375
2 0.890625 0.40625 0.065625 0.0734375
2 0.515625 0.134375 0.071875 0.059375
2 0.2875 0.3140625 0.075 0.08125
2 0.5515625 0.2984375 0.0703125 0.06875
2 0.3203125 0.090625 0.065625 0.078125
2 0.475 0.184375 0.0734375 0.0703125
1 0.6984375 0.709375 0.028125 0.034375
0 0.28125 0.5 0.0359375 0.0328125
0 0.26875 0.3125 0.040625 0.0328125
1 0.4765625 0.1765625 0.0265625 0.0328125
0 0.5296875 0.221875 0.0390625 0.0328125
2 0.6171875 0.321875 0.0453125 0.0546875
0 0.9046875 0.4171875 0.034375 0.034375
1 0.2609375 0.5484375 0.03125 0.0359375