2 0.21875 0.340625 0.0640625 0.0578125
2 0.3296875 0.5109375 0.059375 0.0578125
2 0.4859375 0.5890625 0.071875 0.05625
2 0.1546875 0.5203125 0.0546875 0.0671875
2 0.2984375 0.690625 0.0671875 0.0578125
2 0.4875 0.38125 0.0609375 0.0671875
2 0.1734375 0.6109375 0.0609375 0.0703125
2 0.2546875 0.478125 0.05625 0.053125
2 0.2171875 0.59375 0.071875 0.0671875
2 0.0296875 0.7125 0.0484375 0.05625
2 0.5375 0.4265625 0.04375 0.0546875
2 0.321875 0.571875 0.05 0.05
2 0.03125 0.46875 0.05 0.05
2 0.578125 0.0796875 0.053125 0.05
2 0.6 0.028125 0.0609375 0.046875
2 0.6265625 0.190625 0.0640625 0.0609375
2 0.6078125 0.23125 0.05 0.0546875
2 0.1953125 0.5203125 0.0546875 0.059375
2 0.275 0.50625 0.046875 0.05625
2 0.05625 0.753125 0.04375 0.0390625
2 0.434375 0.63125 0.059375 0.03125