2 0.809375 0.2171875 0.0515625 0.0546875
2 0.45 0.578125 0.053125 0.0484375
2 0.3796875 0.271875 0.053125 0.0734375
2 0.4765625 0.5 0.0546875 0.05
2 0.3421875 0.6171875 0.0796875 0.0421875
2 0.678125 0.05625 0.0453125 0.05625
2 0.6359375 0.34375 0.034375 0.046875
2 0.73125 0.1234375 0.04375 0.05625
2 0.5890625 0.15 0.05625 0.05
2 0.315625 0.4421875 0.053125 0.040625
2 0.81875 0.16875 0.0609375 0.0421875
2 0.125 0.778125 0.05 0.05
2 0.1828125 0.640625 0.0609375 0.05625
2 0.2484375 0.396875 0.053125 0.0421875
2 0.2328125 0.4796875 0.046875 0.0421875
2 0.3625 0.359375 0.0578125 0.0453125
2 0.178125 0.4859375 0.0453125 0.0296875
2 0.28125 0.2453125 0.034375 0.034375
2 0.8453125 0.0796875 0.0515625 0.0484375
2 0.6453125 0.078125 0.05625 0.034375
2 0.521875 0.25 0.053125 0.03125