2 0.440625 0.584375 0.1203125 0.1171875
2 0.7734375 0.175 0.0953125 0.1
2 0.959375 0.1734375 0.078125 0.0953125
2 0.80625 0.5015625 0.1046875 0.153125
2 0.578125 0.4421875 0.0796875 0.053125
2 0.95625 0.5078125 0.0828125 0.1109375
2 0.5453125 0.75625 0.103125 0.1078125
2 0.784375 0.6671875 0.1328125 0.10625
2 0.8390625 0.7671875 0.15 0.103125
2 0.653125 0.76875 0.1046875 0.128125
2 0.7265625 0.7578125 0.0921875 0.1359375
2 0.9140625 0.5859375 0.103125 0.153125
2 0.8796875 0.6890625 0.084375 0.1109375
2 0.95 0.715625 0.09375 0.0921875
0 0.7953125 0.171875 0.0359375 0.04375
1 0.98125 0.18125 0.0296875 0.04375
0 0.978125 0.5046875 0.0390625 0.046875
0 0.4484375 0.5953125 0.04375 0.053125
0 0.8890625 0.5953125 0.06875 0.0484375
0 0.69375 0.75625 0.0484375 0.053125
0 0.6625 0.771875 0.040625 0.0484375
0 0.553125 0.7546875 0.0390625 0.0484375
0 0.8078125 0.59375 0.1328125 0.0734375
2 0.7984375 0.5984375 0.0453125 0.059375
1 0.8328125 0.7484375 0.04375 0.040625
1 0.784375 0.6671875 0.04375 0.04375
0 0.8359375 0.5015625 0.0453125 0.0453125
1 0.98125 0.6046875 0.03125 0.0265625