2 0.39375 0.578125 0.0703125 0.06875
2 0.1921875 0.571875 0.059375 0.0328125
2 0.396875 0.13125 0.0625 0.0734375
2 0.509375 0.4984375 0.0515625 0.078125
2 0.553125 0.4171875 0.078125 0.0609375
2 0.19375 0.7296875 0.071875 0.059375
2 0.653125 0.303125 0.0734375 0.065625
2 0.2546875 0.3890625 0.065625 0.0640625
2 0.1078125 0.48125 0.0625 0.0640625
2 0.2671875 0.659375 0.0453125 0.059375
2 0.434375 0.328125 0.09375 0.05
2 0.4734375 0.190625 0.0703125 0.059375
2 0.33125 0.4265625 0.0703125 0.0578125
2 0.7125 0.3921875 0.0609375 0.0609375
2 0.571875 0.353125 0.065625 0.0609375
2 0.615625 0.25 0.059375 0.0578125
2 0.296875 0.6828125 0.0578125 0.065625
2 0.0671875 0.5609375 0.05625 0.053125
2 0.1671875 0.425 0.0546875 0.0484375
2 0.753125 0.1875 0.0453125 0.0578125
2 0.0453125 0.5 0.0421875 0.0625
2 0.48125 0.6015625 0.0625 0.059375
2 0.64375 0.2109375 0.059375 0.0515625
2 0.6796875 0.109375 0.0609375 0.065625
2 0.484375 0.290625 0.0421875 0.0515625
2 0.0734375 0.7390625 0.053125 0.05625
2 0.2125 0.346875 0.0578125 0.0515625
2 0.384375 0.440625 0.0484375 0.071875
2 0.528125 0.3078125 0.05 0.0484375
2 0.2640625 0.4484375 0.05 0.053125
2 0.546875 0.6140625 0.05625 0.05625
2 0.24375 0.4953125 0.0640625 0.0578125
2 0.5015625 0.3640625 0.06875 0.0515625
2 0.4578125 0.4078125 0.0578125 0.053125
2 0.3609375 0.2890625 0.0484375 0.0546875
2 0.590625 0.3109375 0.05 0.0546875
2 0.3046875 0.5875 0.0546875 0.046875
2 0.2546875 0.615625 0.059375 0.053125
2 0.1640625 0.5984375 0.0578125 0.040625
2 0.0671875 0.7 0.0625 0.0484375
2 0.025 0.6140625 0.046875 0.0421875
2 0.303125 0.484375 0.04375 0.0453125
2 0.33125 0.3375 0.0609375 0.034375
2 0.1078125 0.4 0.046875 0.0515625
2 0.0671875 0.415625 0.0640625 0.05625
2 0.4328125 0.09375 0.059375 0.0421875
2 0.5078125 0.0390625 0.034375 0.0390625
2 0.540625 0.04375 0.0390625 0.0453125
2 0.559375 0.15625 0.046875 0.053125
2 0.609375 0.1515625 0.053125 0.053125
2 0.5796875 0.115625 0.0546875 0.05625
2 0.4109375 0.2015625 0.0484375 0.053125
2 0.5234375 0.2515625 0.0546875 0.0359375
2 0.4671875 0.2421875 0.05625 0.05
2 0.3015625 0.3703125 0.0515625 0.0390625
2 0.384375 0.2859375 0.0421875 0.0484375
2 0.171875 0.403125 0.0625 0.0296875
2 0.0921875 0.55625 0.040625 0.0546875
2 0.146875 0.6296875 0.053125 0.0359375
2 0.4578125 0.45625 0.046875 0.05
2 0.384375 0.5109375 0.0625 0.046875
2 0.2 0.53125 0.0484375 0.0484375