2 0.2109375 0.33125 0.0703125 0.084375
2 0.184375 0.19375 0.0578125 0.09375
2 0.3515625 0.178125 0.0953125 0.0578125
2 0.7796875 0.6421875 0.0625 0.090625
2 0.7265625 0.7609375 0.053125 0.09375
2 0.8015625 0.815625 0.096875 0.0546875
2 0.959375 0.615625 0.05625 0.084375
2 0.55625 0.2953125 0.05 0.096875
2 0.334375 0.43125 0.078125 0.0625
2 0.29375 0.3921875 0.0625 0.090625
2 0.29375 0.340625 0.0828125 0.0828125
2 0.21875 0.11875 0.0578125 0.0484375
2 0.825 0.53125 0.0546875 0.0640625
2 0.571875 0.4 0.075 0.0625
2 0.559375 0.721875 0.06875 0.0578125
2 0.35 0.765625 0.065625 0.0671875
2 0.803125 0.46875 0.071875 0.084375
0 0.2859375 0.0328125 0.021875 0.03125
0 0.21875 0.125 0.025 0.03125
1 0.1671875 0.19375 0.0265625 0.0265625
0 0.35625 0.1921875 0.0265625 0.034375
0 0.203125 0.3328125 0.03125 0.0328125
1 0.578125 0.296875 0.0234375 0.0234375
1 0.2984375 0.3375 0.0265625 0.03125
0 0.26875 0.396875 0.0328125 0.028125
0 0.3296875 0.4390625 0.0265625 0.0328125
0 0.58125 0.3828125 0.0203125 0.03125
1 0.803125 0.465625 0.025 0.0296875
0 0.840625 0.5296875 0.03125 0.028125
1 0.790625 0.64375 0.025 0.028125
0 0.978125 0.61875 0.0203125 0.03125
0 0.3640625 0.746875 0.0265625 0.04375
1 0.746875 0.7625 0.021875 0.025
1 0.7984375 0.796875 0.021875 0.028125
2 0.053125 0.140625 0.075 0.0484375