2 0.5421875 0.4328125 0.05625 0.0578125
2 0.803125 0.5265625 0.05625 0.0546875
2 0.34375 0.2015625 0.053125 0.0515625
2 0.50625 0.3265625 0.0578125 0.034375
2 0.6453125 0.4765625 0.0515625 0.0453125
2 0.475 0.2546875 0.0578125 0.0625
2 0.5375 0.3765625 0.0484375 0.0390625
2 0.4296875 0.253125 0.0390625 0.05
2 0.4875 0.2109375 0.0515625 0.0421875
2 0.3515625 0.109375 0.05625 0.0546875
2 0.7 0.4921875 0.046875 0.04375
2 0.2796875 0.234375 0.0515625 0.0421875
2 0.3171875 0.1703125 0.0375 0.0390625
2 0.4578125 0.296875 0.04375 0.0375
2 0.228125 0.0578125 0.046875 0.0359375
2 0.4109375 0.0375 0.046875 0.028125
2 0.5953125 0.4890625 0.0390625 0.05
2 0.7921875 0.43125 0.0421875 0.0328125