2 0.378125 0.740625 0.05625 0.0453125
2 0.7671875 0.153125 0.05 0.059375
2 0.6515625 0.3375 0.05625 0.05
2 0.7484375 0.24375 0.0578125 0.0515625
2 0.4984375 0.225 0.025 0.0421875
2 0.1484375 0.790625 0.0484375 0.0359375
2 0.2734375 0.8046875 0.040625 0.034375
2 0.4140625 0.709375 0.0671875 0.0390625
2 0.471875 0.6890625 0.0546875 0.0234375
2 0.44375 0.5484375 0.0546875 0.0421875
2 0.3671875 0.34375 0.0578125 0.0578125
2 0.4640625 0.3390625 0.0453125 0.05625
2 0.7296875 0.271875 0.046875 0.0296875
2 0.7171875 0.3640625 0.046875 0.0296875
2 0.5859375 0.5328125 0.0515625 0.0453125
2 0.5921875 0.58125 0.0640625 0.0390625
2 0.6828125 0.44375 0.0515625 0.0421875
2 0.3046875 0.25 0.04375 0.0390625
2 0.2828125 0.70625 0.046875 0.0296875
2 0.596875 0.428125 0.034375 0.0515625
2 0.7265625 0.303125 0.046875 0.0484375
2 0.725 0.3375 0.04375 0.025