2 0.15 0.3328125 0.0703125 0.0578125
2 0.2828125 0.18125 0.075 0.0453125
2 0.0390625 0.178125 0.06875 0.053125
2 0.0875 0.146875 0.053125 0.059375
2 0.1359375 0.1453125 0.05625 0.0640625
2 0.375 0.4484375 0.0828125 0.04375
2 0.4 0.4921875 0.059375 0.0484375
2 0.3578125 0.5046875 0.0625 0.059375
2 0.5046875 0.5234375 0.078125 0.078125
2 0.565625 0.4984375 0.053125 0.08125
2 0.675 0.6046875 0.0828125 0.05
2 0.8515625 0.3953125 0.0765625 0.078125
2 0.8 0.534375 0.078125 0.121875
2 0.771875 0.575 0.1 0.05
2 0.709375 0.853125 0.071875 0.075
2 0.8109375 0.63125 0.0625 0.0796875
2 0.925 0.7015625 0.0859375 0.084375
2 0.71875 0.66875 0.0734375 0.1109375
2 0.6890625 0.7046875 0.075 0.090625
2 0.628125 0.7078125 0.0609375 0.103125
1 0.93125 0.6921875 0.0390625 0.040625
0 0.7046875 0.85 0.0328125 0.0359375
1 0.8109375 0.61875 0.03125 0.0328125
0 0.7390625 0.6671875 0.0390625 0.040625
0 0.6984375 0.696875 0.0375 0.0375
1 0.6546875 0.7046875 0.034375 0.034375
1 0.7640625 0.5625 0.028125 0.0328125
0 0.778125 0.5421875 0.0484375 0.040625
0 0.8515625 0.390625 0.0359375 0.0421875
0 0.559375 0.4859375 0.0359375 0.0328125
0 0.5109375 0.515625 0.0390625 0.0453125
0 0.36875 0.4515625 0.0328125 0.028125
0 0.3796875 0.4828125 0.0390625 0.028125
0 0.26875 0.18125 0.0359375 0.0390625
0 0.134375 0.14375 0.05625 0.0640625