2 0.3703125 0.8953125 0.0734375 0.0734375
2 0.6109375 0.23125 0.06875 0.0546875
2 0.2703125 0.809375 0.0765625 0.071875
2 0.5828125 0.7015625 0.0515625 0.0640625
2 0.89375 0.4359375 0.0609375 0.059375
2 0.7765625 0.1703125 0.065625 0.075
2 0.9734375 0.0921875 0.0484375 0.065625
2 0.5453125 0.7484375 0.0671875 0.065625
2 0.60625 0.7578125 0.0671875 0.06875
2 0.625 0.9125 0.08125 0.046875
2 0.9765625 0.16875 0.0421875 0.0671875
1 0.540625 0.7484375 0.021875 0.028125
0 0.3625 0.90625 0.0296875 0.025
1 0.621875 0.7453125 0.0296875 0.0328125
0 0.5921875 0.696875 0.0328125 0.021875
0 0.621875 0.9203125 0.0328125 0.028125
1 0.6109375 0.2328125 0.025 0.028125
0 0.7703125 0.1734375 0.0203125 0.0296875