2 0.7078125 0.1765625 0.0578125 0.0578125
2 0.79375 0.2375 0.0484375 0.034375
2 0.8953125 0.2265625 0.040625 0.04375
2 0.8140625 0.1578125 0.0484375 0.05625
2 0.4640625 0.38125 0.046875 0.0375
2 0.4953125 0.328125 0.0421875 0.046875
2 0.7546875 0.165625 0.04375 0.0390625
2 0.4125 0.459375 0.0515625 0.0484375
2 0.8 0.6390625 0.05 0.053125
2 0.9515625 0.609375 0.040625 0.034375
2 0.784375 0.6890625 0.0359375 0.0390625
2 0.7171875 0.6953125 0.034375 0.0484375
2 0.6046875 0.6796875 0.03125 0.040625
2 0.7734375 0.775 0.0359375 0.034375
2 0.9703125 0.4171875 0.0296875 0.040625
2 0.9390625 0.4234375 0.0390625 0.0390625
2 0.9046875 0.4203125 0.0421875 0.040625
2 0.8796875 0.459375 0.0359375 0.05
2 0.8140625 0.4875 0.0296875 0.034375
2 0.75 0.4296875 0.0515625 0.0328125
2 0.9265625 0.2984375 0.0515625 0.0359375
2 0.9515625 0.34375 0.053125 0.0390625
2 0.8390625 0.34375 0.0359375 0.0375
2 0.9609375 0.2609375 0.0421875 0.0375
2 0.909375 0.1515625 0.04375 0.046875
2 0.8484375 0.2078125 0.0546875 0.05625
2 0.5671875 0.55 0.046875 0.0390625
2 0.7765625 0.7453125 0.028125 0.034375
2 0.634375 0.8109375 0.0421875 0.03125
2 0.65 0.6609375 0.0484375 0.0328125
2 0.65 0.690625 0.0453125 0.0296875