2 0.4 0.1625 0.0828125 0.075
2 0.50625 0.621875 0.065625 0.071875
2 0.565625 0.2953125 0.06875 0.065625
2 0.1625 0.284375 0.0703125 0.078125
2 0.096875 0.2375 0.0875 0.0765625
2 0.7359375 0.775 0.0828125 0.0734375
2 0.065625 0.2953125 0.0734375 0.075
2 0.2671875 0.309375 0.0703125 0.0578125
1 0.7328125 0.7890625 0.0203125 0.0328125
0 0.5171875 0.6125 0.028125 0.0390625
1 0.5625 0.3078125 0.01875 0.025
1 0.246875 0.2984375 0.0234375 0.028125
1 0.3984375 0.1640625 0.025 0.0265625
0 0.1765625 0.275 0.034375 0.03125
1 0.10625 0.2328125 0.0265625 0.03125
0 0.0796875 0.296875 0.0359375 0.028125