2 0.70625 0.3796875 0.075 0.0609375
2 0.70625 0.2796875 0.0640625 0.08125
2 0.215625 0.7640625 0.05625 0.0640625
2 0.2546875 0.796875 0.0609375 0.059375
2 0.1828125 0.9234375 0.0640625 0.10625
2 0.8578125 0.19375 0.0578125 0.0578125
2 0.715625 0.9 0.0515625 0.084375
2 0.1625 0.9703125 0.0703125 0.053125
2 0.7703125 0.2703125 0.053125 0.0625
2 0.6390625 0.25625 0.05 0.034375
2 0.3203125 0.515625 0.053125 0.0640625
2 0.221875 0.8359375 0.05625 0.0703125
2 0.40625 0.5046875 0.071875 0.046875
2 0.19375 0.859375 0.0609375 0.0515625
2 0.190625 0.80625 0.0484375 0.046875
2 0.353125 0.5234375 0.04375 0.0484375
2 0.3703125 0.4703125 0.0484375 0.0484375
2 0.7609375 0.2453125 0.0453125 0.0375
2 0.703125 0.2265625 0.0515625 0.0453125
2 0.9578125 0.16875 0.0484375 0.05