2 0.3625 0.271875 0.0625 0.059375
2 0.778125 0.11875 0.0671875 0.0625
2 0.50625 0.146875 0.0671875 0.0671875
2 0.48125 0.3125 0.0625 0.0640625
2 0.496875 0.390625 0.0515625 0.046875
2 0.325 0.434375 0.053125 0.0625
2 0.53125 0.43125 0.06875 0.0625
2 0.215625 0.5875 0.0546875 0.0734375
2 0.721875 0.2390625 0.053125 0.0578125
2 0.125 0.709375 0.046875 0.0546875
2 0.6296875 0.521875 0.053125 0.0609375
2 0.5265625 0.6046875 0.05625 0.05625
2 0.3671875 0.4375 0.0484375 0.059375
2 0.5171875 0.2109375 0.0546875 0.046875
2 0.7625 0.2375 0.05625 0.0484375
2 0.6234375 0.134375 0.0375 0.0546875
2 0.2640625 0.8734375 0.0515625 0.05
2 0.5953125 0.2921875 0.0578125 0.0484375
2 0.3890625 0.359375 0.0453125 0.0546875
2 0.31875 0.5046875 0.053125 0.0546875
2 0.4265625 0.18125 0.0546875 0.0609375
2 0.5578125 0.5921875 0.0375 0.0609375
2 0.59375 0.7546875 0.05 0.034375
2 0.4296875 0.7546875 0.053125 0.0421875
2 0.0453125 0.7015625 0.04375 0.05625
2 0.215625 0.8578125 0.0453125 0.0421875
2 0.3578125 0.3578125 0.0328125 0.0625
2 0.4203125 0.1390625 0.0609375 0.0375
2 0.759375 0.0953125 0.0359375 0.040625
2 0.321875 0.3546875 0.040625 0.0546875
2 0.4453125 0.28125 0.05625 0.05
2 0.6171875 0.359375 0.0546875 0.0390625
2 0.6890625 0.5046875 0.0328125 0.05625
2 0.465625 0.665625 0.0484375 0.0328125
2 0.4015625 0.4640625 0.05625 0.0609375
2 0.5578125 0.3640625 0.053125 0.0671875
2 0.4359375 0.3890625 0.05 0.0578125
2 0.4984375 0.265625 0.053125 0.0546875
2 0.3484375 0.7953125 0.0375 0.034375