2 0.6609375 0.2671875 0.0453125 0.0578125
2 0.7171875 0.35625 0.0578125 0.0515625
2 0.6046875 0.209375 0.034375 0.0671875
2 0.7109375 0.303125 0.05625 0.0484375
2 0.8734375 0.4875 0.04375 0.065625
2 0.8375 0.4453125 0.0515625 0.05625
2 0.9640625 0.771875 0.0578125 0.0625
2 0.9734375 0.8421875 0.0484375 0.059375
2 0.95625 0.74375 0.059375 0.0390625
2 0.8453125 0.7859375 0.0484375 0.0515625
2 0.646875 0.2140625 0.0453125 0.05625
2 0.7203125 0.465625 0.0296875 0.04375
2 0.64375 0.7109375 0.0359375 0.04375
2 0.765625 0.771875 0.0421875 0.028125
2 0.8875 0.6171875 0.0484375 0.0453125
2 0.8546875 0.5296875 0.040625 0.0390625
2 0.8046875 0.4734375 0.04375 0.0375
2 0.7796875 0.346875 0.0578125 0.0296875
2 0.78125 0.371875 0.0515625 0.0265625
2 0.7203125 0.4015625 0.0453125 0.0328125
2 0.725 0.86875 0.04375 0.05
2 0.8359375 0.7484375 0.046875 0.0390625
2 0.909375 0.7140625 0.0296875 0.0453125
2 0.9234375 0.8015625 0.034375 0.0390625
2 0.8609375 0.9203125 0.0453125 0.0484375
2 0.7625 0.91875 0.0359375 0.04375
2 0.70625 0.76875 0.0390625 0.0421875
2 0.7015625 0.8046875 0.040625 0.0453125
2 0.6609375 0.4046875 0.05625 0.0328125
2 0.734375 0.3734375 0.0390625 0.0296875
2 0.9234375 0.9078125 0.04375 0.0625
2 0.73125 0.565625 0.0265625 0.0453125
2 0.78125 0.5375 0.0390625 0.04375
2 0.8265625 0.396875 0.021875 0.0421875
2 0.8734375 0.821875 0.028125 0.0421875
2 0.559375 0.834375 0.040625 0.0390625
2 0.6046875 0.8078125 0.034375 0.04375
2 0.46875 0.6984375 0.0296875 0.040625
2 0.4234375 0.590625 0.03125 0.0421875
2 0.6515625 0.4546875 0.0296875 0.0421875
2 0.8109375 0.6015625 0.0453125 0.0375
2 0.8390625 0.596875 0.0359375 0.040625
2 0.5609375 0.184375 0.040625 0.0484375
2 0.1875 0.38125 0.05 0.0296875
2 0.79375 0.7140625 0.0296875 0.04375
2 0.8984375 0.8046875 0.034375 0.0390625
2 0.9328125 0.6359375 0.0390625 0.04375
2 0.559375 0.7609375 0.03125 0.0359375
2 0.9078125 0.5546875 0.05625 0.04375
2 0.7703125 0.4765625 0.0265625 0.0484375
2 0.6671875 0.6734375 0.028125 0.0390625
2 0.7375 0.809375 0.0390625 0.0421875
2 0.8640625 0.725 0.0421875 0.0546875
2 0.9390625 0.7109375 0.0359375 0.0296875
2 0.95 0.825 0.040625 0.0421875
2 0.9765625 0.9296875 0.0328125 0.03125
2 0.815625 0.8078125 0.0296875 0.04375
2 0.76875 0.7328125 0.05 0.0390625
2 0.8109375 0.6421875 0.04375 0.0296875
2 0.725 0.4265625 0.05 0.0296875
2 0.659375 0.3265625 0.0421875 0.0421875
2 0.81875 0.5125 0.034375 0.0390625
2 0.5640625 0.4390625 0.025 0.034375
2 0.4828125 0.346875 0.025 0.0375
2 0.459375 0.46875 0.0484375 0.034375
2 0.578125 0.70625 0.0375 0.034375
2 0.6703125 0.809375 0.025 0.040625
2 0.64375 0.8515625 0.034375 0.04375
2 0.1734375 0.3109375 0.04375 0.0296875
2 0.1140625 0.3140625 0.0390625 0.034375
2 0.090625 0.4375 0.0265625 0.0328125
2 0.1921875 0.228125 0.028125 0.0515625
2 0.4 0.2078125 0.0390625 0.0234375
2 0.49375 0.1140625 0.04375 0.0375
2 0.3515625 0.0859375 0.0546875 0.04375
2 0.3953125 0.1671875 0.0484375 0.0265625
2 0.4359375 0.09375 0.0484375 0.0265625
2 0.121875 0.103125 0.0390625 0.028125
2 0.2625 0.165625 0.034375 0.034375
2 0.2140625 0.071875 0.034375 0.040625
2 0.359375 0.2234375 0.0203125 0.040625
2 0.4078125 0.2375 0.04375 0.028125
2 0.51875 0.1765625 0.0421875 0.0296875
2 0.484375 0.78125 0.028125 0.0515625
2 0.7515625 0.6640625 0.025 0.040625
2 0.6625 0.7421875 0.0390625 0.0265625