2 0.2546875 0.1984375 0.2421875 0.15625
2 0.2875 0.3140625 0.2 0.1328125
2 0.65625 0.3125 0.1828125 0.1671875
2 0.4109375 0.3296875 0.1625 0.16875
2 0.8015625 0.296875 0.1765625 0.1296875
2 0.8953125 0.253125 0.1875 0.1328125
2 0.203125 0.58125 0.11875 0.128125
2 0.203125 0.7875 0.1640625 0.2046875
2 0.3109375 0.753125 0.1703125 0.0984375
2 0.26875 0.6625 0.08125 0.103125
1 0.290625 0.2375 0.0796875 0.0734375
0 0.2953125 0.325 0.0765625 0.084375
1 0.4375 0.3546875 0.0703125 0.065625
0 0.6734375 0.2640625 0.0578125 0.0828125
0 0.85 0.28125 0.084375 0.0734375
0 0.921875 0.240625 0.0671875 0.0859375
0 0.1765625 0.6078125 0.0859375 0.06875
1 0.2125 0.7453125 0.0765625 0.0890625