2 0.528125 0.1359375 0.08125 0.0859375
2 0.88125 0.2796875 0.071875 0.0546875
2 0.603125 0.671875 0.0875 0.0765625
2 0.9453125 0.58125 0.08125 0.0515625
2 0.515625 0.878125 0.0875 0.071875
2 0.4328125 0.9640625 0.0578125 0.06875
2 0.378125 0.9515625 0.065625 0.0640625
2 0.615625 0.540625 0.0859375 0.0765625
2 0.459375 0.684375 0.0734375 0.08125
2 0.5046875 0.7625 0.04375 0.065625
2 0.453125 0.7484375 0.0671875 0.0796875
2 0.5765625 0.821875 0.059375 0.08125
2 0.6953125 0.55 0.075 0.046875
2 0.6921875 0.475 0.0796875 0.0640625
2 0.5703125 0.5671875 0.0671875 0.059375
2 0.7875 0.490625 0.08125 0.05625
2 0.7296875 0.4359375 0.0734375 0.0515625
2 0.7125 0.68125 0.0734375 0.0734375
2 0.6625 0.5984375 0.065625 0.05625
2 0.39375 0.859375 0.0921875 0.0625
2 0.30625 0.925 0.0828125 0.084375
2 0.5484375 0.9171875 0.0921875 0.065625
2 0.815625 0.4078125 0.065625 0.0765625
2 0.6546875 0.66875 0.05 0.0796875
2 0.4671875 0.625 0.115625 0.040625
2 0.7109375 0.6046875 0.0640625 0.0734375
1 0.303125 0.9234375 0.0421875 0.0453125
1 0.38125 0.9625 0.03125 0.034375
0 0.415625 0.9796875 0.0265625 0.0359375
1 0.5390625 0.9265625 0.0328125 0.034375
1 0.5078125 0.8875 0.028125 0.03125
1 0.5734375 0.83125 0.0359375 0.0375
0 0.5109375 0.771875 0.0296875 0.0421875
1 0.4515625 0.746875 0.0375 0.0390625
0 0.44375 0.68125 0.0390625 0.0359375
1 0.6 0.6875 0.0328125 0.04375
1 0.6640625 0.596875 0.0421875 0.0390625
0 0.7 0.671875 0.03125 0.034375
1 0.678125 0.475 0.0359375 0.0328125
1 0.6078125 0.534375 0.03125 0.03125
1 0.784375 0.4875 0.0328125 0.03125
1 0.709375 0.4421875 0.03125 0.0265625
2 0.496875 0.4390625 0.1015625 0.0515625
1 0.534375 0.14375 0.0359375 0.0359375
1 0.8796875 0.275 0.0296875 0.0390625
1 0.925 0.5953125 0.034375 0.0265625
2 0.5734375 0.428125 0.0734375 0.0453125
1 0.54375 0.415625 0.0328125 0.0296875
1 0.6953125 0.5609375 0.0296875 0.0296875