2 0.4890625 0.059375 0.0890625 0.075
2 0.7171875 0.1984375 0.0546875 0.1
2 0.74375 0.24375 0.0890625 0.0578125
2 0.6359375 0.3671875 0.071875 0.06875
2 0.2671875 0.29375 0.0640625 0.1078125
2 0.2 0.45625 0.08125 0.0828125
2 0.3671875 0.553125 0.065625 0.075
2 0.334375 0.603125 0.071875 0.075
2 0.20625 0.7953125 0.0765625 0.0703125
2 0.628125 0.6875 0.0671875 0.0890625
2 0.5890625 0.790625 0.084375 0.0703125
2 0.6609375 0.81875 0.0796875 0.0828125
2 0.6921875 0.9125 0.0640625 0.0625
2 0.759375 0.9125 0.0546875 0.0546875
2 0.6125 0.9375 0.0828125 0.0859375
2 0.56875 0.828125 0.0515625 0.065625
0 0.490625 0.071875 0.034375 0.04375
1 0.7328125 0.2 0.028125 0.0328125
0 0.2859375 0.296875 0.0421875 0.03125
1 0.6265625 0.3546875 0.028125 0.0359375
0 0.20625 0.453125 0.04375 0.0375
1 0.375 0.54375 0.028125 0.0328125
0 0.3484375 0.584375 0.0375 0.034375
0 0.2109375 0.7875 0.0375 0.0375
0 0.6765625 0.815625 0.0484375 0.0359375
0 0.6890625 0.921875 0.028125 0.0359375
1 0.5875 0.790625 0.034375 0.040625