2 0.23125 0.7125 0.0796875 0.06875
2 0.24375 0.828125 0.0734375 0.1078125
2 0.478125 0.54375 0.071875 0.065625
2 0.61875 0.484375 0.08125 0.0875
2 0.5765625 0.3546875 0.1015625 0.059375
2 0.5890625 0.2921875 0.0734375 0.0734375
2 0.871875 0.59375 0.0734375 0.0640625
2 0.5875 0.921875 0.0515625 0.0390625
2 0.2390625 0.9125 0.065625 0.0453125
0 0.590625 0.2953125 0.0296875 0.0203125
1 0.58125 0.3359375 0.028125 0.034375
0 0.6125 0.490625 0.0390625 0.0359375
1 0.484375 0.5453125 0.03125 0.0296875
0 0.8828125 0.609375 0.040625 0.0296875
2 0.959375 0.609375 0.0390625 0.05625
2 0.9 0.6359375 0.059375 0.034375
0 0.684375 0.6984375 0.034375 0.0296875
1 0.23125 0.7078125 0.03125 0.025
0 0.25625 0.8265625 0.046875 0.0359375
1 0.590625 0.9109375 0.021875 0.028125
1 0.253125 0.9140625 0.0296875 0.0265625
2 0.684375 0.3953125 0.0609375 0.053125
2 0.6484375 0.4078125 0.075 0.0609375
0 0.6328125 0.4078125 0.03125 0.0234375
1 0.90625 0.6234375 0.0234375 0.0265625
2 0.6859375 0.6984375 0.071875 0.075
1 0.66875 0.4 0.01875 0.021875