2 0.3546875 0.3921875 0.0796875 0.0703125
2 0.5359375 0.6484375 0.1125 0.0640625
2 0.7796875 0.1421875 0.06875 0.071875
2 0.36875 0.6203125 0.05625 0.0546875
2 0.1640625 0.8484375 0.05625 0.0640625
2 0.2890625 0.9296875 0.071875 0.0546875
2 0.365625 0.8625 0.0609375 0.0875
2 0.4796875 0.4828125 0.0625 0.0578125
2 0.4765625 0.4328125 0.0546875 0.05625
2 0.7171875 0.1765625 0.05625 0.0796875
2 0.309375 0.8796875 0.0640625 0.046875
2 0.4265625 0.559375 0.046875 0.059375
2 0.2890625 0.840625 0.0734375 0.03125
0 0.5296875 0.634375 0.028125 0.0328125
0 0.3546875 0.8734375 0.034375 0.028125
1 0.159375 0.834375 0.025 0.025
1 0.3015625 0.9484375 0.0265625 0.0171875
1 0.4890625 0.48125 0.0234375 0.01875
0 0.4609375 0.4421875 0.034375 0.021875
0 0.3578125 0.4015625 0.0296875 0.0359375
0 0.7265625 0.178125 0.0359375 0.0265625
1 0.7890625 0.1546875 0.0234375 0.0234375