2 0.1578125 0.4390625 0.0828125 0.0609375
2 0.265625 0.3515625 0.0640625 0.0859375
2 0.071875 0.778125 0.065625 0.0859375
2 0.540625 0.0859375 0.053125 0.0640625
2 0.6359375 0.16875 0.096875 0.0671875
2 0.44375 0.2359375 0.071875 0.0484375
2 0.1421875 0.621875 0.0625 0.065625
2 0.5078125 0.2578125 0.0734375 0.05
2 0.6015625 0.3875 0.0640625 0.0703125
2 0.5875 0.290625 0.0671875 0.0703125
2 0.2078125 0.7609375 0.05625 0.06875
2 0.596875 0.134375 0.0546875 0.075
2 0.471875 0.3546875 0.0640625 0.059375
2 0.4609375 0.40625 0.0703125 0.0453125
2 0.3328125 0.340625 0.046875 0.0640625
2 0.1515625 0.778125 0.0375 0.04375
2 0.1171875 0.7875 0.03125 0.05
1 0.065625 0.7828125 0.03125 0.025
1 0.2109375 0.765625 0.025 0.0203125
0 0.121875 0.775 0.0265625 0.025
0 0.146875 0.76875 0.0234375 0.0265625
1 0.146875 0.6203125 0.0203125 0.0234375
0 0.159375 0.4375 0.025 0.0328125
0 0.2734375 0.346875 0.0296875 0.0265625
1 0.3328125 0.3375 0.0203125 0.0296875
0 0.465625 0.39375 0.0203125 0.0296875
1 0.6046875 0.384375 0.0234375 0.0234375
0 0.584375 0.2859375 0.0296875 0.0328125
1 0.5015625 0.2671875 0.021875 0.028125
0 0.45625 0.2265625 0.0234375 0.03125
0 0.459375 0.35 0.0265625 0.021875
1 0.596875 0.134375 0.0203125 0.0234375
1 0.5578125 0.0734375 0.021875 0.0265625
0 0.6359375 0.18125 0.025 0.0328125
2 0.4546875 0.3078125 0.0640625 0.03125