2 0.4796875 0.7421875 0.0609375 0.0484375
2 0.5625 0.465625 0.0734375 0.0609375
2 0.603125 0.665625 0.0890625 0.0640625
2 0.4296875 0.3703125 0.05625 0.05
2 0.175 0.265625 0.06875 0.065625
2 0.48125 0.6875 0.065625 0.0578125
2 0.2546875 0.41875 0.059375 0.05625
1 0.5609375 0.4609375 0.0203125 0.028125
1 0.60625 0.6484375 0.0234375 0.034375
0 0.484375 0.671875 0.0265625 0.03125
1 0.478125 0.7421875 0.0234375 0.021875
0 0.25625 0.4140625 0.021875 0.028125
1 0.1859375 0.2765625 0.025 0.0234375
1 0.4484375 0.3828125 0.015625 0.025