2 0.615625 0.5609375 0.071875 0.0734375
2 0.5171875 0.4140625 0.0796875 0.0625
2 0.3875 0.2921875 0.08125 0.0671875
2 0.6796875 0.7375 0.071875 0.06875
2 0.4515625 0.1890625 0.0703125 0.0640625
2 0.640625 0.446875 0.0625 0.065625
2 0.490625 0.1109375 0.0609375 0.0625
2 0.6171875 0.728125 0.0515625 0.0625
2 0.578125 0.7109375 0.059375 0.06875
2 0.140625 0.115625 0.0640625 0.0609375
2 0.7296875 0.7125 0.0484375 0.0546875
2 0.503125 0.1578125 0.065625 0.0765625
2 0.278125 0.4875 0.059375 0.0703125
2 0.390625 0.41875 0.0453125 0.0578125
1 0.6203125 0.728125 0.0265625 0.021875
1 0.5171875 0.40625 0.0234375 0.03125
1 0.2859375 0.484375 0.03125 0.025
0 0.3921875 0.3 0.025 0.0296875
0 0.49375 0.1078125 0.0359375 0.0375
1 0.4359375 0.1890625 0.021875 0.0234375
1 0.6765625 0.7484375 0.025 0.025
1 0.1421875 0.128125 0.021875 0.021875