2 0.13125 0.5140625 0.090625 0.103125
2 0.3203125 0.890625 0.0734375 0.096875
2 0.4546875 0.85 0.1203125 0.0890625
2 0.5515625 0.8234375 0.078125 0.0984375
2 0.8671875 0.1203125 0.1046875 0.1078125
2 0.078125 0.9078125 0.0984375 0.134375
1 0.0390625 0.428125 0.03125 0.0390625
1 0.15 0.5140625 0.0453125 0.0359375
1 0.3 0.8765625 0.0375 0.034375
1 0.4546875 0.859375 0.0359375 0.04375
1 0.5671875 0.8234375 0.0421875 0.034375
0 0.8546875 0.1171875 0.0515625 0.0375
1 0.91875 0.0359375 0.0375 0.0453125
1 0.0953125 0.915625 0.034375 0.040625