2 0.6640625 0.4671875 0.09375 0.0671875
2 0.6125 0.38125 0.071875 0.065625
2 0.509375 0.6984375 0.059375 0.0625
2 0.3828125 0.34375 0.0640625 0.065625
2 0.4921875 0.5296875 0.0671875 0.0546875
2 0.49375 0.3171875 0.046875 0.0671875
2 0.8765625 0.3515625 0.0625 0.0828125
2 0.8109375 0.2234375 0.0515625 0.0390625
2 0.4921875 0.5921875 0.05 0.071875
2 0.534375 0.5859375 0.046875 0.078125
1 0.503125 0.6953125 0.028125 0.0234375
0 0.6625 0.478125 0.0265625 0.0390625
0 0.4796875 0.5953125 0.03125 0.021875
0 0.5203125 0.59375 0.021875 0.0328125
1 0.8828125 0.35 0.0296875 0.021875
2 0.6078125 0.2640625 0.0546875 0.05625
0 0.6125 0.378125 0.0234375 0.03125
2 0.8765625 0.2375 0.046875 0.0390625