2 0.5828125 0.6578125 0.0625 0.0671875
2 0.634375 0.6484375 0.04375 0.0359375
2 0.496875 0.53125 0.11875 0.065625
2 0.715625 0.88125 0.0875 0.0703125
2 0.5453125 0.7921875 0.0828125 0.0640625
2 0.5296875 0.965625 0.0578125 0.0640625
2 0.2234375 0.6359375 0.0625 0.0671875
2 0.69375 0.8328125 0.0859375 0.065625
0 0.496875 0.5125 0.028125 0.04375
1 0.5828125 0.64375 0.0265625 0.0296875
1 0.646875 0.6453125 0.0265625 0.028125
0 0.5453125 0.7828125 0.0359375 0.0390625
1 0.71875 0.8703125 0.025 0.028125
0 0.5203125 0.975 0.03125 0.0265625