2 0.465625 0.1875 0.0609375 0.0890625
2 0.65625 0.3890625 0.071875 0.0640625
2 0.325 0.4328125 0.0734375 0.0609375
2 0.2109375 0.1296875 0.0640625 0.0546875
2 0.9125 0.4078125 0.0546875 0.1078125
2 0.5984375 0.7 0.0609375 0.059375
2 0.7796875 0.58125 0.053125 0.1
2 0.4390625 0.4078125 0.05625 0.0796875
2 0.81875 0.5515625 0.0640625 0.0375
2 0.4875 0.3265625 0.0609375 0.065625
2 0.303125 0.34375 0.0703125 0.0453125
2 0.428125 0.35625 0.0546875 0.04375
2 0.8453125 0.5921875 0.065625 0.0453125
2 0.5453125 0.559375 0.084375 0.0546875
1 0.6 0.703125 0.0234375 0.021875
0 0.546875 0.55 0.0265625 0.0296875
0 0.7671875 0.58125 0.0296875 0.0265625
0 0.809375 0.54375 0.0296875 0.025
1 0.6578125 0.39375 0.025 0.0265625
1 0.4875 0.3265625 0.021875 0.0265625
0 0.44375 0.3515625 0.0265625 0.021875
1 0.4328125 0.41875 0.028125 0.01875
1 0.3390625 0.4265625 0.021875 0.0203125
1 0.4625 0.1890625 0.0265625 0.0234375
1 0.2171875 0.1171875 0.01875 0.0234375
0 0.9015625 0.4109375 0.028125 0.0234375
2 0.9171875 0.3453125 0.0453125 0.0296875
1 0.9296875 0.346875 0.0265625 0.01875