2 0.60625 0.353125 0.0828125 0.075
2 0.10625 0.5046875 0.075 0.1
2 0.2390625 0.540625 0.1 0.0578125
2 0.334375 0.5453125 0.0671875 0.0765625
2 0.2859375 0.4265625 0.0921875 0.0734375
2 0.3484375 0.4109375 0.0921875 0.059375
2 0.471875 0.640625 0.0796875 0.103125
2 0.940625 0.7109375 0.0640625 0.08125
0 0.115625 0.5046875 0.0359375 0.03125
0 0.240625 0.553125 0.0265625 0.0328125
0 0.3078125 0.4453125 0.028125 0.046875
1 0.3421875 0.3953125 0.025 0.025
0 0.6078125 0.359375 0.0265625 0.034375
0 0.346875 0.553125 0.040625 0.0296875
0 0.4609375 0.6390625 0.040625 0.034375
1 0.9515625 0.703125 0.0296875 0.034375