2 0.5703125 0.178125 0.05 0.0359375
2 0.425 0.209375 0.04375 0.0421875
2 0.590625 0.1328125 0.028125 0.046875
2 0.284375 0.103125 0.059375 0.0390625
2 0.1484375 0.11875 0.0390625 0.03125
2 0.503125 0.253125 0.0453125 0.040625
2 0.2578125 0.3984375 0.0453125 0.021875
2 0.34375 0.4921875 0.021875 0.040625
2 0.3578125 0.515625 0.0328125 0.0390625
2 0.434375 0.58125 0.0328125 0.0375
2 0.8953125 0.6625 0.0484375 0.059375
2 0.684375 0.70625 0.0328125 0.0421875
2 0.496875 0.63125 0.0125 0.0484375
2 0.5671875 0.2078125 0.053125 0.0234375
2 0.2953125 0.246875 0.046875 0.0296875
2 0.21875 0.3359375 0.025 0.0375
2 0.375 0.1046875 0.046875 0.0421875