2 0.7984375 0.2703125 0.0734375 0.0578125
2 0.3953125 0.6296875 0.0484375 0.0734375
2 0.259375 0.60625 0.065625 0.0484375
2 0.8 0.1140625 0.109375 0.0625
2 0.571875 0.246875 0.059375 0.05
2 0.4546875 0.409375 0.059375 0.0578125
2 0.509375 0.3859375 0.075 0.04375
2 0.5453125 0.3328125 0.075 0.0640625
2 0.465625 0.3171875 0.046875 0.0578125
2 0.2421875 0.6453125 0.0734375 0.065625
2 0.559375 0.203125 0.05625 0.0625
2 0.478125 0.25625 0.0578125 0.0875
2 0.5140625 0.2640625 0.059375 0.0703125
2 0.6609375 0.034375 0.065625 0.0609375
0 0.8 0.0984375 0.0390625 0.0328125
1 0.8 0.278125 0.028125 0.0359375
0 0.58125 0.2609375 0.0421875 0.025
0 0.4625 0.253125 0.0359375 0.034375
0 0.5296875 0.2703125 0.0375 0.0296875
0 0.54375 0.325 0.028125 0.0359375
0 0.46875 0.3078125 0.03125 0.03125
0 0.5015625 0.375 0.025 0.0390625
1 0.4578125 0.40625 0.0296875 0.0328125
0 0.403125 0.6515625 0.028125 0.0265625
0 0.2515625 0.6125 0.028125 0.0296875
0 0.240625 0.6375 0.034375 0.040625