2 0.228125 0.221875 0.078125 0.065625
2 0.565625 0.1625 0.0578125 0.0859375
2 0.384375 0.1234375 0.078125 0.065625
2 0.7625 0.671875 0.065625 0.1
2 0.7359375 0.4890625 0.0671875 0.06875
2 0.2234375 0.0828125 0.084375 0.0578125
2 0.64375 0.2921875 0.0671875 0.0796875
2 0.884375 0.5984375 0.0921875 0.0453125
2 0.6390625 0.6109375 0.0703125 0.0890625
2 0.5375 0.6171875 0.0640625 0.078125
2 0.5671875 0.509375 0.0546875 0.071875
2 0.6625 0.3578125 0.0859375 0.059375
2 0.8109375 0.64375 0.0734375 0.053125
2 0.690625 0.5359375 0.0640625 0.0640625
2 0.625 0.521875 0.0484375 0.0484375
2 0.2203125 0.1296875 0.0828125 0.0390625
2 0.2125 0.1671875 0.0453125 0.0359375
1 0.221875 0.2296875 0.0203125 0.028125
0 0.221875 0.159375 0.0296875 0.025
0 0.21875 0.134375 0.021875 0.0296875
1 0.215625 0.075 0.028125 0.028125
1 0.384375 0.13125 0.0234375 0.0234375
0 0.5703125 0.1625 0.03125 0.0265625
0 0.6484375 0.296875 0.0296875 0.0265625
1 0.6609375 0.35 0.0203125 0.03125
0 0.74375 0.4984375 0.0296875 0.0265625
1 0.6921875 0.534375 0.025 0.025
0 0.646875 0.609375 0.0359375 0.0265625
1 0.5359375 0.61875 0.025 0.025
0 0.5796875 0.5125 0.0296875 0.0234375
0 0.7484375 0.6734375 0.03125 0.0296875
1 0.8109375 0.6421875 0.025 0.025
1 0.8828125 0.609375 0.0234375 0.025