2 0.6359375 0.109375 0.0640625 0.0703125
2 0.7390625 0.0875 0.0671875 0.0640625
2 0.959375 0.1921875 0.078125 0.06875
2 0.846875 0.2078125 0.0953125 0.0703125
2 0.7765625 0.1984375 0.1078125 0.0671875
2 0.753125 0.146875 0.075 0.0828125
2 0.478125 0.2328125 0.078125 0.0765625
2 0.1171875 0.671875 0.071875 0.0671875
2 0.1171875 0.7203125 0.046875 0.0546875
2 0.2890625 0.7703125 0.065625 0.0578125
2 0.365625 0.9 0.071875 0.0515625
2 0.3296875 0.8609375 0.06875 0.071875
2 0.29375 0.903125 0.059375 0.0875
2 0.3359375 0.946875 0.0953125 0.05625
2 0.30625 0.8234375 0.0515625 0.0640625
2 0.5796875 0.153125 0.046875 0.0578125
2 0.3734375 0.8546875 0.04375 0.05625
2 0.9640625 0.2734375 0.0640625 0.065625
2 0.903125 0.403125 0.053125 0.046875
2 0.853125 0.4484375 0.05 0.065625
2 0.76875 0.4859375 0.0734375 0.0703125
0 0.334375 0.953125 0.0296875 0.0390625
0 0.2765625 0.896875 0.040625 0.028125
1 0.371875 0.8890625 0.0359375 0.028125
1 0.3375 0.8578125 0.0359375 0.0296875
1 0.2921875 0.7703125 0.0234375 0.028125
0 0.8515625 0.4390625 0.03125 0.040625
0 0.8875 0.3953125 0.0359375 0.0296875
0 0.9609375 0.196875 0.040625 0.04375
0 0.834375 0.221875 0.03125 0.046875
0 0.784375 0.209375 0.034375 0.0453125
0 0.7671875 0.15625 0.046875 0.0390625
1 0.7390625 0.084375 0.028125 0.028125
2 0.6984375 0.0953125 0.053125 0.0640625
2 0.425 0.246875 0.0484375 0.0578125
2 0.796875 0.5296875 0.053125 0.034375
0 0.78125 0.534375 0.03125 0.03125
2 0.628125 0.703125 0.0671875 0.1
0 0.6453125 0.7078125 0.046875 0.040625
0 0.1234375 0.7296875 0.0296875 0.0390625
1 0.646875 0.10625 0.028125 0.0328125