2 0.3671875 0.2546875 0.0578125 0.090625
2 0.1875 0.3 0.065625 0.0765625
2 0.3390625 0.51875 0.075 0.0890625
2 0.396875 0.8296875 0.0625 0.065625
2 0.6109375 0.7328125 0.0609375 0.084375
2 0.1609375 0.36875 0.06875 0.06875
2 0.1109375 0.4203125 0.059375 0.090625
2 0.153125 0.4140625 0.0625 0.059375
0 0.4078125 0.83125 0.03125 0.0265625
0 0.6015625 0.734375 0.028125 0.028125
0 0.3484375 0.5125 0.028125 0.028125
0 0.0953125 0.4265625 0.034375 0.0296875
1 0.1671875 0.375 0.025 0.021875
1 0.1484375 0.4078125 0.025 0.021875
0 0.1984375 0.296875 0.028125 0.025