2 0.6515625 0.4734375 0.0890625 0.09375
2 0.553125 0.0765625 0.0875 0.10625
2 0.6609375 0.784375 0.06875 0.1375
2 0.734375 0.9375 0.0890625 0.1078125
2 0.321875 0.640625 0.1015625 0.10625
2 0.4203125 0.79375 0.084375 0.065625
2 0.4640625 0.946875 0.075 0.071875
2 0.121875 0.5296875 0.053125 0.0859375
2 0.75625 0.1953125 0.096875 0.096875
1 0.040625 0.4734375 0.034375 0.0453125
1 0.1234375 0.54375 0.028125 0.0375
1 0.321875 0.63125 0.0328125 0.0296875
0 0.5390625 0.078125 0.0390625 0.0328125
1 0.740625 0.2125 0.0359375 0.034375
1 0.640625 0.48125 0.028125 0.034375
1 0.6703125 0.7796875 0.034375 0.03125
1 0.409375 0.809375 0.03125 0.0390625
1 0.7515625 0.9375 0.034375 0.028125
0 0.446875 0.93125 0.0296875 0.040625