2 0.528125 0.4703125 0.0625 0.075
2 0.5625 0.565625 0.09375 0.059375
2 0.4484375 0.6046875 0.0640625 0.065625
2 0.4921875 0.765625 0.0515625 0.0875
2 0.575 0.8421875 0.06875 0.053125
2 0.3390625 0.334375 0.05625 0.0515625
2 0.4171875 0.5296875 0.053125 0.084375
1 0.48125 0.7671875 0.025 0.0203125
1 0.5546875 0.8390625 0.028125 0.028125
0 0.5640625 0.5765625 0.021875 0.034375
0 0.5234375 0.478125 0.0203125 0.03125
0 0.403125 0.5328125 0.0328125 0.021875
0 0.446875 0.6015625 0.0265625 0.0265625
1 0.3359375 0.340625 0.0203125 0.025
2 0.328125 0.3078125 0.0828125 0.05625
2 0.33125 0.3859375 0.04375 0.0359375
0 0.3203125 0.3890625 0.0265625 0.01875
2 0.4078125 0.740625 0.0421875 0.0578125
1 0.4171875 0.740625 0.021875 0.0203125
2 0.3796875 0.6609375 0.0359375 0.0296875
2 0.646875 0.5859375 0.0328125 0.05
2 0.346875 0.946875 0.040625 0.06875
2 0.5140625 0.615625 0.071875 0.046875