2 0.60625 0.5046875 0.06875 0.05625
2 0.3875 0.3484375 0.0625 0.0625
2 0.2875 0.2296875 0.0484375 0.06875
2 0.184375 0.4609375 0.0625 0.0484375
2 0.5265625 0.41875 0.046875 0.05625
2 0.1171875 0.2015625 0.0625 0.0453125
2 0.3484375 0.4640625 0.0625 0.046875
2 0.309375 0.6125 0.05625 0.0640625
2 0.53125 0.3546875 0.0515625 0.0859375
2 0.5359375 0.4609375 0.06875 0.08125
2 0.4890625 0.6140625 0.0484375 0.0640625
2 0.55625 0.7140625 0.0703125 0.065625
2 0.5703125 0.6453125 0.0453125 0.05
2 0.0984375 0.575 0.040625 0.046875
2 0.3421875 0.5734375 0.053125 0.034375
2 0.7015625 0.6515625 0.0609375 0.0296875
2 0.3859375 0.2546875 0.05625 0.034375
2 0.4890625 0.4125 0.034375 0.0453125
2 0.4765625 0.471875 0.0578125 0.046875
2 0.4234375 0.484375 0.05 0.0484375
2 0.4828125 0.44375 0.04375 0.0234375