2 0.65 0.4625 0.078125 0.0703125
2 0.4953125 0.8109375 0.0890625 0.0625
2 0.2796875 0.1515625 0.0640625 0.0828125
2 0.4046875 0.5046875 0.071875 0.08125
2 0.3921875 0.221875 0.065625 0.059375
2 0.5640625 0.8203125 0.071875 0.0859375
2 0.1140625 0.5359375 0.0546875 0.0546875
2 0.64375 0.9109375 0.0546875 0.0421875
2 0.2296875 0.3640625 0.065625 0.0828125
0 0.6390625 0.4703125 0.025 0.0328125
0 0.4 0.5109375 0.0328125 0.025
1 0.384375 0.2234375 0.0234375 0.0234375
0 0.2421875 0.359375 0.0390625 0.028125
0 0.26875 0.1546875 0.028125 0.021875
0 0.096875 0.5390625 0.0265625 0.025
1 0.5 0.80625 0.025 0.0296875
0 0.5515625 0.8265625 0.0375 0.028125