2 0.5203125 0.375 0.0578125 0.065625
2 0.6546875 0.21875 0.059375 0.075
2 0.54375 0.1125 0.090625 0.0515625
2 0.3578125 0.1546875 0.0703125 0.059375
2 0.5515625 0.1796875 0.05625 0.065625
2 0.3046875 0.35625 0.1046875 0.0453125
2 0.4859375 0.175 0.053125 0.0625
2 0.6328125 0.13125 0.0625 0.0671875
2 0.4046875 0.228125 0.059375 0.046875
2 0.4296875 0.1453125 0.0546875 0.0578125
2 0.428125 0.19375 0.0546875 0.0796875
2 0.8171875 0.6125 0.0734375 0.04375
2 0.7953125 0.4171875 0.0578125 0.0484375
0 0.8109375 0.415625 0.025 0.0265625
1 0.525 0.3890625 0.03125 0.0234375
0 0.30625 0.36875 0.028125 0.0328125
2 0.2984375 0.328125 0.0671875 0.040625
0 0.2953125 0.31875 0.025 0.03125
0 0.5609375 0.1796875 0.0359375 0.021875
0 0.6390625 0.1375 0.0296875 0.0265625
2 0.6234375 0.19375 0.065625 0.04375
1 0.6625 0.225 0.025 0.021875
0 0.4390625 0.1953125 0.034375 0.021875
1 0.409375 0.2234375 0.0234375 0.01875
1 0.4234375 0.1453125 0.0203125 0.0234375