2 0.234375 0.4609375 0.0703125 0.05625
2 0.1453125 0.58125 0.0609375 0.0578125
2 0.659375 0.4046875 0.0578125 0.0546875
2 0.0765625 0.49375 0.05625 0.0578125
2 0.2921875 0.45625 0.0484375 0.04375
2 0.3 0.5140625 0.0609375 0.0625
2 0.0703125 0.553125 0.053125 0.0453125
2 0.025 0.459375 0.04375 0.0765625
2 0.1625 0.4984375 0.0359375 0.04375
2 0.65 0.15625 0.0484375 0.0484375
2 0.575 0.478125 0.046875 0.0359375
2 0.1078125 0.5375 0.0359375 0.053125
2 0.40625 0.7015625 0.0515625 0.0484375
2 0.221875 0.6046875 0.046875 0.0671875