2 0.596875 0.2828125 0.09375 0.0921875
2 0.3125 0.128125 0.0859375 0.0953125
2 0.1171875 0.6671875 0.053125 0.078125
2 0.39375 0.3953125 0.0515625 0.0828125
2 0.4015625 0.4390625 0.0875 0.0921875
2 0.46875 0.6609375 0.08125 0.109375
2 0.575 0.965625 0.0953125 0.0640625
2 0.7484375 0.93125 0.0921875 0.0859375
2 0.675 0.925 0.08125 0.0890625
2 0.4875 0.753125 0.075 0.1046875
2 0.73125 0.8 0.0828125 0.090625
2 0.6390625 0.659375 0.078125 0.0515625
2 0.5546875 0.646875 0.0859375 0.05
2 0.6359375 0.771875 0.0625 0.075
2 0.7015625 0.7109375 0.0703125 0.08125
2 0.7671875 0.725 0.090625 0.075
2 0.4171875 0.7859375 0.090625 0.0859375
0 0.40625 0.3984375 0.0359375 0.03125
1 0.596875 0.2890625 0.0265625 0.028125
0 0.4046875 0.4421875 0.0375 0.034375
0 0.103125 0.6734375 0.03125 0.0296875
0 0.4609375 0.6640625 0.0375 0.034375
1 0.5546875 0.640625 0.03125 0.0359375
0 0.6390625 0.65 0.03125 0.0421875
1 0.503125 0.7515625 0.03125 0.03125
0 0.7140625 0.8015625 0.034375 0.0375
0 0.6875 0.93125 0.0375 0.0375
0 0.56875 0.984375 0.0375 0.0265625
1 0.7484375 0.9265625 0.025 0.03125