2 0.86875 0.23125 0.10625 0.1265625
2 0.7546875 0.5578125 0.1546875 0.10625
2 0.796875 0.4953125 0.1109375 0.125
2 0.6609375 0.8171875 0.1171875 0.125
2 0.58125 0.8875 0.1078125 0.1359375
2 0.4140625 0.1515625 0.121875 0.1125
2 0.09375 0.2046875 0.1125 0.1296875
2 0.5921875 0.6265625 0.1171875 0.1171875
0 0.1 0.190625 0.040625 0.0625
0 0.8796875 0.21875 0.05 0.0421875
1 0.7921875 0.4953125 0.0484375 0.05625
0 0.75625 0.578125 0.0453125 0.0625
0 0.64375 0.8203125 0.05625 0.0671875
1 0.409375 0.1578125 0.0515625 0.053125
2 0.746875 0.4796875 0.059375 0.0703125
0 0.75 0.5 0.053125 0.0453125
1 0.5921875 0.8890625 0.05 0.053125