2 0.5859375 0.35 0.0578125 0.059375
2 0.66875 0.2546875 0.06875 0.0625
2 0.3578125 0.1671875 0.0703125 0.059375
2 0.2671875 0.3296875 0.053125 0.0609375
2 0.846875 0.2734375 0.040625 0.0484375
2 0.5734375 0.5859375 0.0609375 0.0625
2 0.3359375 0.2515625 0.065625 0.065625
2 0.9546875 0.4046875 0.06875 0.06875
2 0.85 0.75 0.05 0.0640625
2 0.753125 0.375 0.0546875 0.053125
2 0.2984375 0.06875 0.065625 0.0609375
2 0.775 0.7453125 0.0578125 0.0625
2 0.771875 0.2765625 0.065625 0.0609375
2 0.7296875 0.259375 0.0546875 0.0578125
2 0.51875 0.6140625 0.046875 0.0609375
2 0.725 0.7078125 0.0359375 0.053125
2 0.303125 0.4375 0.0609375 0.05625
2 0.2296875 0.33125 0.05 0.0515625
2 0.5484375 0.3984375 0.053125 0.0796875
2 0.5734375 0.653125 0.040625 0.05625
2 0.1859375 0.2125 0.04375 0.0578125
2 0.3859375 0.325 0.059375 0.0703125
2 0.709375 0.659375 0.0578125 0.046875
2 0.53125 0.5 0.053125 0.0546875
2 0.4671875 0.4625 0.05625 0.0515625
2 0.8421875 0.359375 0.053125 0.0390625
2 0.8203125 0.31875 0.0578125 0.053125
2 0.78125 0.48125 0.0671875 0.065625
2 0.871875 0.5703125 0.0375 0.0421875
2 0.884375 0.6140625 0.053125 0.0578125
2 0.965625 0.7703125 0.053125 0.065625
2 0.6046875 0.684375 0.046875 0.05625
2 0.396875 0.5453125 0.0375 0.0609375
2 0.4171875 0.5609375 0.040625 0.0625
2 0.4828125 0.5609375 0.0546875 0.065625
2 0.4671875 0.4234375 0.05 0.0421875
2 0.278125 0.3875 0.0671875 0.059375
2 0.315625 0.38125 0.0578125 0.0578125
2 0.296875 0.4171875 0.05625 0.0390625
2 0.2734375 0.01875 0.090625 0.0375
2 0.496875 0.03125 0.046875 0.0609375
2 0.4203125 0.1890625 0.0546875 0.034375
2 0.4359375 0.10625 0.0453125 0.053125
2 0.509375 0.6421875 0.0390625 0.0390625
2 0.203125 0.24375 0.0375 0.046875
2 0.8921875 0.4015625 0.0453125 0.0390625
2 0.884375 0.425 0.025 0.0359375
2 0.70625 0.715625 0.03125 0.05