2 0.80625 0.740625 0.0984375 0.1015625
2 0.6375 0.8015625 0.1 0.0796875
2 0.9140625 0.625 0.08125 0.0953125
2 0.9421875 0.253125 0.1 0.0875
2 0.7171875 0.521875 0.0609375 0.046875
2 0.6640625 0.7078125 0.0984375 0.0734375
2 0.653125 0.1890625 0.084375 0.090625
2 0.5515625 0.2015625 0.071875 0.05
2 0.4984375 0.2515625 0.0546875 0.071875
1 0.9015625 0.621875 0.0375 0.0359375
1 0.66875 0.6953125 0.0359375 0.0359375
0 0.7921875 0.7359375 0.04375 0.0375
1 0.640625 0.1921875 0.0421875 0.0359375
0 0.5125 0.246875 0.0421875 0.03125
0 0.5671875 0.2078125 0.046875 0.034375
0 0.571875 0.165625 0.0359375 0.0421875
1 0.934375 0.2671875 0.0359375 0.0328125