2 0.3375 0.3359375 0.08125 0.05
2 0.0609375 0.5296875 0.0671875 0.0671875
2 0.2875 0.6125 0.0640625 0.0734375
2 0.2078125 0.6828125 0.06875 0.05
2 0.3890625 0.6203125 0.0609375 0.053125
2 0.609375 0.609375 0.0609375 0.06875
2 0.43125 0.4625 0.065625 0.046875
2 0.45 0.8671875 0.0703125 0.053125
2 0.2421875 0.3921875 0.0578125 0.05625
2 0.534375 0.425 0.0609375 0.0609375
2 0.2671875 0.684375 0.059375 0.0671875
2 0.4328125 0.5234375 0.046875 0.053125
2 0.2078125 0.271875 0.06875 0.046875
2 0.0328125 0.4640625 0.0609375 0.0671875
2 0.7515625 0.90625 0.0625 0.0421875
2 0.471875 0.5359375 0.0625 0.065625
2 0.3546875 0.48125 0.0453125 0.05
2 0.459375 0.621875 0.05 0.04375
2 0.41875 0.6875 0.0625 0.0921875
2 0.571875 0.7328125 0.06875 0.0484375
2 0.4015625 0.8375 0.0765625 0.05
2 0.334375 0.446875 0.04375 0.0609375
2 0.1375 0.521875 0.0671875 0.04375
2 0.509375 0.5875 0.0484375 0.0515625
2 0.6546875 0.76875 0.05625 0.0484375
2 0.1703125 0.2640625 0.0578125 0.046875
2 0.01328125 0.328125 0.0265625 0.075
2 0.1765625 0.640625 0.05 0.05625
2 0.740625 0.871875 0.053125 0.040625
2 0.4046875 0.7875 0.0375 0.0515625
2 0.2671875 0.521875 0.05 0.0390625
2 0.0375 0.6125 0.05625 0.04375
2 0.034375 0.384375 0.0359375 0.04375
2 0.421875 0.584375 0.05625 0.0234375
2 0.64375 0.8625 0.0421875 0.0484375
2 0.021875 0.40625 0.0390625 0.0390625
2 0.4890625 0.68125 0.059375 0.0515625