2 0.546875 0.41875 0.071875 0.0796875
2 0.7484375 0.3703125 0.05625 0.0890625
2 0.5953125 0.0953125 0.103125 0.0796875
2 0.571875 0.140625 0.0984375 0.0640625
2 0.740625 0.1796875 0.0875 0.0609375
2 0.3140625 0.578125 0.0796875 0.0984375
2 0.678125 0.75625 0.0734375 0.125
2 0.7171875 0.7109375 0.0953125 0.071875
2 0.2484375 0.7421875 0.1 0.071875
2 0.121875 0.596875 0.0828125 0.0859375
2 0.1921875 0.6328125 0.0609375 0.0828125
2 0.225 0.6765625 0.096875 0.075
2 0.25625 0.6203125 0.0796875 0.0484375
2 0.178125 0.5796875 0.0703125 0.0515625
2 0.2078125 0.8015625 0.078125 0.0734375
2 0.1578125 0.809375 0.06875 0.075
2 0.109375 0.8125 0.0828125 0.0546875
2 0.1 0.7203125 0.065625 0.0921875
2 0.875 0.315625 0.0671875 0.059375
2 0.7015625 0.0765625 0.0515625 0.0734375
2 0.115625 0.5390625 0.05 0.0578125
2 0.2625 0.425 0.065625 0.0625
2 0.128125 0.396875 0.121875 0.0671875
2 0.6703125 0.4890625 0.0671875 0.1140625
2 0.4875 0.1703125 0.0625 0.0828125
2 0.425 0.284375 0.0515625 0.0390625
2 0.39375 0.33125 0.046875 0.0671875
2 0.1234375 0.484375 0.0671875 0.0671875
0 0.6671875 0.75625 0.040625 0.0359375
1 0.7171875 0.703125 0.028125 0.040625
0 0.2078125 0.803125 0.0359375 0.0359375
1 0.1078125 0.8265625 0.03125 0.034375
1 0.1515625 0.790625 0.0328125 0.046875
1 0.24375 0.753125 0.0265625 0.0359375
1 0.0796875 0.753125 0.025 0.0359375
1 0.1140625 0.7203125 0.0359375 0.0328125
0 0.2171875 0.6765625 0.0515625 0.0359375
1 0.3234375 0.5828125 0.0359375 0.034375
1 0.2734375 0.6328125 0.034375 0.028125
1 0.2 0.628125 0.034375 0.03125
0 0.1234375 0.4671875 0.0296875 0.0421875
0 0.259375 0.4359375 0.0359375 0.0390625
0 0.121875 0.3828125 0.0359375 0.040625
1 0.39375 0.3375 0.0296875 0.0375
1 0.415625 0.2890625 0.0359375 0.0328125
0 0.553125 0.4171875 0.03125 0.0375
0 0.6484375 0.48125 0.040625 0.03125
0 0.7546875 0.3453125 0.03125 0.040625
0 0.475 0.165625 0.0359375 0.0390625
0 0.7359375 0.1890625 0.03125 0.040625
1 0.5671875 0.153125 0.03125 0.0359375
1 0.59375 0.1046875 0.0296875 0.040625
2 0.6984375 0.1234375 0.0609375 0.0625
2 0.340625 0.3515625 0.08125 0.0625
0 0.3484375 0.340625 0.0359375 0.0375
2 0.7 0.0234375 0.0390625 0.046875
1 0.1765625 0.5984375 0.0265625 0.0296875
1 0.1234375 0.6 0.034375 0.0265625
1 0.1125 0.5484375 0.025 0.03125
2 0.871875 0.3109375 0.025 0.0296875
1 0.709375 0.015625 0.028125 0.025
1 0.7078125 0.1171875 0.0234375 0.0265625
1 0.696875 0.0625 0.025 0.0234375