2 0.2640625 0.2 0.2515625 0.1265625
2 0.346875 0.090625 0.2265625 0.15625
2 0.175 0.096875 0.209375 0.1109375
2 0.665625 0.409375 0.25625 0.15
2 0.7390625 0.5625 0.115625 0.234375
2 0.8671875 0.55625 0.2109375 0.24375
2 0.6703125 0.8671875 0.275 0.2171875
0 0.121875 0.0953125 0.13125 0.09375
0 0.3875 0.13125 0.11875 0.1078125
0 0.2203125 0.1703125 0.115625 0.084375
1 0.6546875 0.4359375 0.09375 0.10625
0 0.89375 0.5390625 0.125 0.10625
1 0.7609375 0.578125 0.0765625 0.1078125
1 0.6921875 0.884375 0.09375 0.0921875