2 0.2359375 0.40625 0.1078125 0.078125
2 0.1703125 0.5765625 0.08125 0.0484375
2 0.1765625 0.7171875 0.05 0.08125
2 0.3828125 0.721875 0.0796875 0.08125
2 0.3171875 0.5875 0.10625 0.0609375
2 0.26875 0.4875 0.090625 0.0671875
2 0.31875 0.51875 0.06875 0.0484375
2 0.48125 0.26875 0.084375 0.05
0 0.3796875 0.70625 0.0390625 0.0484375
1 0.3125 0.565625 0.0359375 0.0359375
0 0.1546875 0.578125 0.0390625 0.0390625
0 0.2375 0.4234375 0.0390625 0.04375
1 0.2859375 0.5078125 0.03125 0.03125
1 0.3234375 0.5328125 0.0265625 0.0203125