2 0.7125 0.5 0.0921875 0.059375
2 0.784375 0.35 0.0796875 0.0671875
2 0.61875 0.51875 0.0875 0.0984375
2 0.478125 0.578125 0.0703125 0.078125
2 0.2625 0.53125 0.090625 0.0734375
2 0.14375 0.5984375 0.0796875 0.06875
2 0.025 0.60625 0.046875 0.0765625
2 0.365625 0.58125 0.09375 0.06875
2 0.35625 0.640625 0.0984375 0.059375
2 0.38125 0.7359375 0.0921875 0.084375
2 0.2671875 0.6484375 0.090625 0.078125
2 0.2 0.6609375 0.0796875 0.078125
2 0.1140625 0.675 0.0875 0.0734375
2 0.053125 0.7625 0.0875 0.0640625
2 0.2046875 0.7703125 0.075 0.078125
1 0.7765625 0.346875 0.0265625 0.0234375
1 0.7296875 0.5078125 0.04375 0.0328125
1 0.6359375 0.5109375 0.0375 0.0296875
0 0.3703125 0.5703125 0.0375 0.0375
0 0.4 0.7421875 0.0375 0.0359375
0 0.3765625 0.640625 0.0390625 0.0359375
1 0.13125 0.59375 0.0359375 0.0390625
0 0.053125 0.7796875 0.04375 0.040625
0 0.18125 0.6578125 0.034375 0.04375
1 0.221875 0.7921875 0.0234375 0.0359375
1 0.2546875 0.5296875 0.03125 0.021875
1 0.2640625 0.65625 0.034375 0.0296875