2 0.421875 0.521875 0.0828125 0.096875
2 0.4921875 0.55 0.040625 0.0375
2 0.5953125 0.2734375 0.1 0.0859375
2 0.6734375 0.2921875 0.0703125 0.109375
2 0.853125 0.15625 0.071875 0.090625
2 0.7859375 0.196875 0.0703125 0.059375
2 0.9609375 0.184375 0.0484375 0.078125
2 0.696875 0.115625 0.08125 0.078125
2 0.634375 0.121875 0.078125 0.096875
2 0.703125 0.221875 0.075 0.1046875
2 0.7 0.15625 0.0796875 0.0484375
2 0.3 0.2515625 0.0578125 0.059375
2 0.425 0.6078125 0.0703125 0.0953125
2 0.334375 0.6671875 0.065625 0.1015625
2 0.0375 0.75 0.0546875 0.09375
2 0.04375 0.8484375 0.0734375 0.0953125
2 0.1640625 0.915625 0.0859375 0.065625
2 0.478125 0.734375 0.1046875 0.0734375
2 0.425 0.7421875 0.0484375 0.0578125
2 0.409375 0.7875 0.0859375 0.065625
2 0.6453125 0.446875 0.0953125 0.0734375
2 0.4921875 0.3484375 0.0859375 0.065625
2 0.16875 0.490625 0.0484375 0.08125
2 0.2453125 0.5265625 0.075 0.0640625
2 0.2890625 0.5765625 0.0734375 0.0765625
2 0.6171875 0.7421875 0.0734375 0.05625
2 0.3609375 0.840625 0.059375 0.08125
0 0.171875 0.9203125 0.0328125 0.0265625
0 0.028125 0.928125 0.04375 0.0328125
1 0.04375 0.8421875 0.028125 0.0375
1 0.0578125 0.7375 0.034375 0.0296875
2 0.078125 0.7578125 0.0734375 0.0546875
0 0.0828125 0.7453125 0.0421875 0.0375
1 0.01875 0.69375 0.0375 0.03125
1 0.0375 0.5609375 0.0390625 0.034375
0 0.1640625 0.4828125 0.0328125 0.028125
1 0.2390625 0.5140625 0.03125 0.0390625
0 0.596875 0.725 0.0390625 0.0265625
1 0.471875 0.7171875 0.0265625 0.046875
0 0.403125 0.771875 0.03125 0.0453125
1 0.3203125 0.665625 0.0328125 0.0390625
1 0.2859375 0.565625 0.0375 0.0359375
0 0.4140625 0.596875 0.0390625 0.0421875
0 0.6421875 0.434375 0.0359375 0.0421875
0 0.4890625 0.3640625 0.0265625 0.0390625
0 0.284375 0.25625 0.0359375 0.03125
1 0.690625 0.278125 0.04375 0.0359375
0 0.6859375 0.21875 0.04375 0.04375
0 0.859375 0.1578125 0.04375 0.040625
1 0.69375 0.1203125 0.0421875 0.0390625
0 0.6203125 0.1203125 0.05 0.0421875
1 0.4296875 0.534375 0.0359375 0.03125
1 0.696875 0.171875 0.025 0.028125