2 0.346875 0.4375 0.0640625 0.075
2 0.5140625 0.8375 0.0734375 0.071875
2 0.396875 0.7875 0.065625 0.0640625
2 0.89375 0.2078125 0.0609375 0.0859375
2 0.5078125 0.7734375 0.0671875 0.0765625
2 0.5640625 0.6234375 0.0859375 0.0796875
2 0.7703125 0.2140625 0.0625 0.0828125
2 0.8765625 0.54375 0.05625 0.0578125
2 0.5515625 0.5515625 0.059375 0.0953125
2 0.5 0.5109375 0.071875 0.0625
2 0.4390625 0.3671875 0.05625 0.0625
2 0.8453125 0.340625 0.059375 0.0625
2 0.315625 0.971875 0.0671875 0.053125
2 0.2828125 0.7703125 0.0640625 0.053125
2 0.446875 0.81875 0.06875 0.078125
2 0.6609375 0.24375 0.05625 0.0796875
2 0.28125 0.828125 0.0703125 0.05625
2 0.7 0.39375 0.06875 0.0765625
2 0.8203125 0.1921875 0.0765625 0.046875
2 0.4640625 0.696875 0.0640625 0.1
2 0.56875 0.409375 0.0703125 0.078125
2 0.4125 0.721875 0.06875 0.06875
2 0.4 0.3796875 0.0546875 0.0703125
2 0.5703125 0.2921875 0.0578125 0.06875
2 0.4703125 0.409375 0.053125 0.0546875
2 0.51875 0.2921875 0.075 0.0703125
2 0.2375 0.8421875 0.040625 0.0609375
2 0.2375 0.915625 0.0640625 0.0671875
2 0.8578125 0.2359375 0.0640625 0.0703125
2 0.4171875 0.440625 0.0625 0.0640625
2 0.496875 0.7109375 0.065625 0.078125
2 0.284375 0.71875 0.06875 0.059375
2 0.9203125 0.4546875 0.0390625 0.0796875
2 0.8984375 0.378125 0.053125 0.059375
0 0.3140625 0.9734375 0.028125 0.0296875
0 0.509375 0.834375 0.025 0.028125
0 0.4 0.7859375 0.0265625 0.025
0 0.4125 0.709375 0.028125 0.028125
0 0.5609375 0.6296875 0.028125 0.0328125
0 0.453125 0.8140625 0.0328125 0.028125
1 0.5109375 0.7703125 0.021875 0.028125
0 0.540625 0.5578125 0.034375 0.028125
0 0.3453125 0.4390625 0.03125 0.0421875
0 0.4921875 0.525 0.025 0.034375
1 0.709375 0.40625 0.025 0.025
1 0.6546875 0.2421875 0.025 0.0265625
1 0.7546875 0.2234375 0.03125 0.0234375
1 0.5546875 0.296875 0.0296875 0.0265625
1 0.440625 0.3578125 0.0234375 0.025
1 0.4734375 0.4125 0.0265625 0.025
1 0.4078125 0.4421875 0.03125 0.028125
1 0.5625 0.421875 0.025 0.0296875
1 0.846875 0.234375 0.0359375 0.028125
1 0.8078125 0.19375 0.028125 0.0265625
1 0.884375 0.5453125 0.0265625 0.021875