2 0.9546875 0.3765625 0.05 0.0578125
2 0.54375 0.659375 0.059375 0.0671875
2 0.85 0.559375 0.065625 0.0640625
2 0.359375 0.3890625 0.0703125 0.065625
2 0.3578125 0.33125 0.06875 0.05625
2 0.878125 0.3703125 0.0609375 0.0390625
2 0.4796875 0.1515625 0.078125 0.05
2 0.634375 0.2875 0.0671875 0.05
2 0.4453125 0.2046875 0.05625 0.059375
2 0.7421875 0.3671875 0.0671875 0.059375
2 0.4921875 0.221875 0.0609375 0.0453125
2 0.7921875 0.4421875 0.0578125 0.0515625
2 0.9484375 0.48125 0.06875 0.0515625
2 0.628125 0.734375 0.0484375 0.0609375
2 0.3453125 0.296875 0.0671875 0.053125
2 0.809375 0.7125 0.059375 0.040625
2 0.69375 0.6171875 0.05625 0.04375
2 0.5171875 0.5171875 0.065625 0.05
2 0.809375 0.3953125 0.059375 0.0515625
2 0.878125 0.4640625 0.075 0.0578125
2 0.8765625 0.521875 0.0578125 0.05625
2 0.4140625 0.315625 0.04375 0.0390625
2 0.684375 0.5234375 0.065625 0.0921875
2 0.915625 0.5765625 0.0796875 0.0453125
2 0.9640625 0.55 0.04375 0.05
2 0.8546875 0.6296875 0.0546875 0.046875
2 0.7703125 0.6890625 0.0421875 0.0609375
2 0.79375 0.6625 0.059375 0.0625
2 0.7296875 0.6390625 0.0453125 0.0359375
2 0.765625 0.5125 0.046875 0.04375
2 0.9375 0.615625 0.059375 0.0484375
2 0.8015625 0.5984375 0.0484375 0.04375
2 0.8109375 0.3671875 0.04375 0.040625
2 0.7046875 0.3453125 0.04375 0.0609375
2 0.653125 0.265625 0.0453125 0.0609375
2 0.5640625 0.0828125 0.04375 0.0609375
2 0.4296875 0.128125 0.0578125 0.04375
2 0.4765625 0.09375 0.0609375 0.0609375
2 0.375 0.125 0.05 0.059375
2 0.3515625 0.196875 0.084375 0.0546875
2 0.4015625 0.234375 0.0421875 0.0390625
2 0.3890625 0.265625 0.0484375 0.0515625
2 0.4625 0.4546875 0.04375 0.0328125
2 0.609375 0.534375 0.0484375 0.0453125
2 0.6390625 0.4359375 0.0453125 0.04375
2 0.584375 0.45 0.0390625 0.0421875
2 0.7734375 0.5703125 0.034375 0.0546875
2 0.3609375 0.06875 0.04375 0.0578125
2 0.4671875 0.028125 0.053125 0.021875
2 0.328125 0.14375 0.0203125 0.0359375
2 0.684375 0.5828125 0.06875 0.0265625