2 0.7421875 0.76875 0.065625 0.096875
2 0.23125 0.1890625 0.06875 0.06875
2 0.5484375 0.275 0.06875 0.075
2 0.83125 0.6984375 0.0625 0.0703125
2 0.6046875 0.559375 0.046875 0.059375
2 0.646875 0.278125 0.071875 0.08125
0 0.209375 0.190625 0.025 0.0234375
0 0.553125 0.275 0.0203125 0.0296875
2 0.5671875 0.3265625 0.0421875 0.0578125
0 0.6 0.5734375 0.0234375 0.0359375
0 0.6515625 0.2921875 0.028125 0.04375
1 0.7234375 0.7765625 0.028125 0.028125
2 0.975 0.7015625 0.0375 0.0578125
0 0.984375 0.69375 0.021875 0.0390625
0 0.8421875 0.684375 0.034375 0.0296875
2 0.75 0.5875 0.034375 0.0546875
0 0.746875 0.596875 0.0296875 0.034375