2 0.803125 0.7921875 0.071875 0.0890625
2 0.7046875 0.5375 0.0578125 0.0890625
2 0.465625 0.6296875 0.1046875 0.0578125
2 0.2625 0.1515625 0.0671875 0.071875
2 0.134375 0.4203125 0.0828125 0.0640625
2 0.1765625 0.4765625 0.0703125 0.06875
2 0.353125 0.0578125 0.0515625 0.0625
2 0.3234375 0.459375 0.06875 0.0734375
2 0.5859375 0.7640625 0.0625 0.0671875
0 0.815625 0.7890625 0.0359375 0.0296875
1 0.7109375 0.54375 0.0296875 0.0234375
1 0.459375 0.64375 0.025 0.025
1 0.3203125 0.4515625 0.0265625 0.025
0 0.134375 0.415625 0.028125 0.0375
1 0.1765625 0.471875 0.03125 0.0265625