2 0.4171875 0.846875 0.04375 0.0453125
2 0.1859375 0.859375 0.05625 0.0390625
2 0.11875 0.8640625 0.0453125 0.040625
2 0.0453125 0.8609375 0.034375 0.0421875
2 0.5375 0.7296875 0.05 0.040625
2 0.68125 0.6359375 0.05 0.040625
2 0.5953125 0.659375 0.0421875 0.059375
2 0.56875 0.7703125 0.03125 0.0390625
2 0.4890625 0.728125 0.0328125 0.0546875
2 0.684375 0.5953125 0.0625 0.0359375
2 0.6984375 0.55625 0.0484375 0.028125
2 0.7546875 0.4828125 0.0265625 0.040625
2 0.48125 0.8328125 0.053125 0.028125
2 0.4578125 0.8578125 0.0390625 0.0234375
2 0.453125 0.8046875 0.0453125 0.0359375
2 0.1828125 0.7921875 0.0328125 0.0390625
2 0.1671875 0.815625 0.0359375 0.0328125
2 0.1515625 0.8390625 0.0515625 0.0203125
2 0.1796875 0.7390625 0.0453125 0.0296875
2 0.1453125 0.765625 0.0390625 0.025
2 0.228125 0.671875 0.04375 0.01875
2 0.221875 0.6109375 0.0328125 0.0375
2 0.18125 0.671875 0.0265625 0.0359375
2 0.1359375 0.6484375 0.0375 0.025
2 0.2203125 0.509375 0.04375 0.0265625
2 0.1484375 0.5296875 0.0453125 0.03125
2 0.315625 0.4625 0.046875 0.0234375
2 0.2625 0.503125 0.0328125 0.0296875
2 0.346875 0.8390625 0.040625 0.0296875
2 0.1375 0.7078125 0.0515625 0.025
2 0.1453125 0.73125 0.0453125 0.021875
2 0.2109375 0.6421875 0.04375 0.0234375
2 0.1765625 0.6015625 0.0421875 0.03125
2 0.1140625 0.6046875 0.03125 0.0375
2 0.359375 0.4421875 0.0359375 0.0203125
2 0.425 0.478125 0.0296875 0.0421875
2 0.390625 0.515625 0.0390625 0.021875
2 0.3125 0.3796875 0.03125 0.01875
2 0.3171875 0.4171875 0.0296875 0.0296875
2 0.3453125 0.4265625 0.0421875 0.0296875
2 0.6984375 0.3953125 0.021875 0.034375
2 0.6640625 0.396875 0.0171875 0.0375
2 0.640625 0.4078125 0.021875 0.040625
2 0.640625 0.5 0.04375 0.021875
2 0.6875 0.4984375 0.021875 0.0390625
2 0.703125 0.50625 0.0203125 0.0375
2 0.6625 0.525 0.034375 0.025
2 0.628125 0.21875 0.0453125 0.0265625
2 0.553125 0.20625 0.025 0.040625
2 0.48125 0.225 0.034375 0.0421875
2 0.503125 0.184375 0.040625 0.025
2 0.54375 0.15625 0.0328125 0.0375
2 0.69375 0.275 0.05 0.0328125
2 0.771875 0.21875 0.0515625 0.0359375
2 0.6734375 0.3203125 0.021875 0.0296875
2 0.5046875 0.3328125 0.0359375 0.0265625
2 0.5 0.4375 0.034375 0.03125
2 0.646875 0.3625 0.0359375 0.0171875
2 0.096875 0.684375 0.034375 0.03125
2 0.0890625 0.7625 0.0359375 0.0359375
2 0.0515625 0.803125 0.0453125 0.0234375
2 0.2390625 0.8109375 0.0421875 0.021875
2 0.3640625 0.7390625 0.040625 0.0234375
2 0.259375 0.6890625 0.0359375 0.0265625
2 0.20625 0.68125 0.0328125 0.0265625
2 0.01875 0.665625 0.0296875 0.0265625
2 0.146875 0.575 0.0234375 0.034375
2 0.1125 0.79375 0.021875 0.0359375
2 0.4578125 0.6546875 0.0328125 0.025
2 0.4578125 0.721875 0.0390625 0.0234375
2 0.5453125 0.76875 0.0296875 0.0390625
2 0.51875 0.8078125 0.0484375 0.025
2 0.3390625 0.8140625 0.0328125 0.03125
2 0.2734375 0.790625 0.0421875 0.0203125
2 0.603125 0.7015625 0.0421875 0.0421875
2 0.565625 0.7015625 0.034375 0.025