2 0.753125 0.2265625 0.075 0.0734375
2 0.0984375 0.5859375 0.0578125 0.0765625
2 0.44375 0.7171875 0.075 0.0703125
2 0.1015625 0.6515625 0.0890625 0.071875
2 0.575 0.1546875 0.0578125 0.0828125
2 0.475 0.425 0.090625 0.06875
2 0.390625 0.73125 0.0375 0.078125
2 0.36875 0.2390625 0.0515625 0.05625
2 0.2421875 0.3578125 0.05625 0.0578125
2 0.3140625 0.253125 0.0546875 0.06875
2 0.34375 0.328125 0.065625 0.0453125
2 0.284375 0.29375 0.0484375 0.053125
2 0.409375 0.10625 0.05625 0.05625
1 0.4 0.7359375 0.0234375 0.0296875
1 0.4390625 0.7171875 0.025 0.0265625
0 0.0921875 0.6453125 0.025 0.0328125
1 0.1109375 0.5921875 0.0296875 0.025
0 0.4765625 0.4125 0.025 0.0359375
0 0.2296875 0.3421875 0.021875 0.028125
0 0.3421875 0.321875 0.0203125 0.03125
0 0.75625 0.2359375 0.025 0.034375
0 0.5828125 0.1546875 0.0328125 0.03125