2 0.3890625 0.49375 0.065625 0.0640625
2 0.40625 0.2828125 0.05625 0.071875
2 0.234375 0.3546875 0.08125 0.0625
2 0.196875 0.2734375 0.0671875 0.065625
2 0.15625 0.0953125 0.0609375 0.0578125
2 0.165625 0.05 0.0796875 0.059375
2 0.3671875 0.1296875 0.0640625 0.0671875
2 0.5203125 0.321875 0.0640625 0.0578125
2 0.4765625 0.2 0.05 0.0859375
2 0.5484375 0.0953125 0.0546875 0.0640625
2 0.3328125 0.0703125 0.0515625 0.046875
2 0.590625 0.38125 0.0640625 0.078125
2 0.7234375 0.5234375 0.0546875 0.0578125
2 0.678125 0.2390625 0.034375 0.0625
2 0.48125 0.3 0.0546875 0.0703125
2 0.446875 0.3640625 0.05 0.0453125
2 0.7546875 0.340625 0.0640625 0.0484375
2 0.7328125 0.440625 0.0421875 0.05625
2 0.70625 0.5984375 0.0640625 0.059375
2 0.678125 0.515625 0.0421875 0.0453125
2 0.7015625 0.396875 0.0484375 0.0421875
2 0.79375 0.3890625 0.04375 0.05
2 0.8390625 0.5 0.0640625 0.0546875
2 0.778125 0.4421875 0.046875 0.0484375
2 0.8328125 0.3953125 0.0390625 0.0515625
2 0.828125 0.44375 0.05625 0.0328125
0 0.159375 0.0640625 0.03125 0.03125
0 0.1578125 0.0875 0.0265625 0.034375
1 0.1921875 0.278125 0.021875 0.025
0 0.228125 0.340625 0.021875 0.034375
0 0.325 0.0703125 0.0265625 0.034375
0 0.3578125 0.134375 0.0234375 0.03125
1 0.415625 0.2765625 0.0265625 0.0234375
1 0.4828125 0.29375 0.0296875 0.0265625
1 0.4546875 0.3640625 0.028125 0.0234375
0 0.5203125 0.3328125 0.025 0.0265625
2 0.5546875 0.2890625 0.05625 0.025
1 0.546875 0.2890625 0.0234375 0.0234375
0 0.3984375 0.49375 0.021875 0.028125
1 0.675 0.5109375 0.0234375 0.028125
1 0.8015625 0.3984375 0.0234375 0.021875