2 0.35625 0.415625 0.1046875 0.059375
2 0.128125 0.6140625 0.059375 0.0796875
2 0.3171875 0.6 0.090625 0.0703125
2 0.246875 0.85 0.0921875 0.084375
2 0.8484375 0.5328125 0.1015625 0.06875
2 0.634375 0.2421875 0.0703125 0.103125
2 0.7921875 0.1671875 0.084375 0.0765625
2 0.825 0.0609375 0.1109375 0.0625
2 0.7734375 0.096875 0.0921875 0.075
2 0.8203125 0.3546875 0.0609375 0.084375
2 0.471875 0.9375 0.0828125 0.0640625
2 0.5203125 0.65625 0.0875 0.1046875
2 0.378125 0.9609375 0.0796875 0.075
2 0.7390625 0.70625 0.084375 0.075
2 0.66875 0.5625 0.103125 0.0734375
2 0.6765625 0.5203125 0.115625 0.053125
2 0.3828125 0.775 0.0859375 0.0859375
2 0.696875 0.7515625 0.08125 0.0890625
2 0.3171875 0.7609375 0.071875 0.125
2 0.7375 0.30625 0.0703125 0.078125
2 0.6890625 0.45625 0.0640625 0.1
2 0.7484375 0.4453125 0.0734375 0.0875
0 0.3640625 0.9671875 0.0375 0.0359375
0 0.453125 0.9328125 0.0375 0.034375
1 0.2453125 0.840625 0.034375 0.0375
0 0.3796875 0.78125 0.0328125 0.040625
0 0.2984375 0.7640625 0.0375 0.0390625
0 0.690625 0.746875 0.034375 0.040625
0 0.503125 0.634375 0.0421875 0.0421875
1 0.3140625 0.5859375 0.034375 0.0375
0 0.7390625 0.7015625 0.0375 0.0328125
1 0.3640625 0.43125 0.028125 0.0328125
1 0.671875 0.5578125 0.0296875 0.03125
1 0.6828125 0.5046875 0.0359375 0.03125
0 0.8515625 0.521875 0.0328125 0.0390625
1 0.7078125 0.4578125 0.03125 0.0328125
0 0.83125 0.36875 0.034375 0.034375
1 0.740625 0.3046875 0.0296875 0.0296875
1 0.653125 0.2515625 0.0296875 0.0328125
0 0.7984375 0.165625 0.0359375 0.0359375
2 0.746875 0.371875 0.0671875 0.053125
1 0.753125 0.35625 0.028125 0.03125
0 0.7765625 0.0875 0.03125 0.040625
1 0.825 0.0421875 0.0328125 0.028125
2 0.584375 0.459375 0.0640625 0.0546875
1 0.5828125 0.4578125 0.0640625 0.0546875
2 0.440625 0.7484375 0.0796875 0.078125
1 0.446875 0.75625 0.0296875 0.0375
2 0.25625 0.8015625 0.071875 0.053125
1 0.2546875 0.8 0.071875 0.053125
2 0.778125 0.3421875 0.0375 0.0484375
0 0.7859375 0.359375 0.0265625 0.0265625
2 0.44375 0.10625 0.0484375 0.0375
1 0.4265625 0.09375 0.0171875 0.01875