2 0.1375 0.1109375 0.115625 0.078125
2 0.1546875 0.178125 0.140625 0.0796875
2 0.1546875 0.5203125 0.1203125 0.084375
2 0.2 0.6109375 0.1 0.071875
2 0.2234375 0.6515625 0.0875 0.0796875
2 0.35 0.684375 0.0828125 0.0796875
2 0.3015625 0.7484375 0.0640625 0.0796875
2 0.28125 0.69375 0.06875 0.0515625
2 0.6828125 0.5578125 0.06875 0.0828125
2 0.84375 0.890625 0.075 0.109375
2 0.9109375 0.615625 0.109375 0.0734375
2 0.9234375 0.91875 0.08125 0.0890625
2 0.8359375 0.7328125 0.0875 0.08125
2 0.884375 0.6828125 0.115625 0.071875
2 0.7984375 0.58125 0.071875 0.096875
2 0.7546875 0.5671875 0.0734375 0.096875
2 0.640625 0.675 0.0875 0.06875
2 0.6984375 0.73125 0.078125 0.0875
2 0.7609375 0.6484375 0.05625 0.0703125
2 0.6984375 0.675 0.053125 0.0640625
2 0.41875 0.3328125 0.065625 0.096875
2 0.675 0.48125 0.096875 0.0796875
2 0.4515625 0.825 0.115625 0.0703125
2 0.4671875 0.796875 0.0515625 0.0640625
0 0.93125 0.9203125 0.0375 0.04375
0 0.865625 0.8890625 0.046875 0.040625
0 0.9140625 0.6 0.0375 0.0515625
0 0.8890625 0.69375 0.040625 0.04375
0 0.8328125 0.721875 0.0328125 0.05
0 0.7125 0.715625 0.0453125 0.0359375
0 0.640625 0.6796875 0.04375 0.0390625
0 0.696875 0.6625 0.028125 0.0390625
0 0.78125 0.58125 0.0375 0.0421875
1 0.7578125 0.6296875 0.0296875 0.0328125
0 0.4640625 0.8171875 0.034375 0.0359375
0 0.3140625 0.7453125 0.0375 0.040625
0 0.265625 0.7 0.034375 0.0375
0 0.2296875 0.6453125 0.034375 0.04375
0 0.2015625 0.60625 0.0359375 0.0515625
0 0.1546875 0.509375 0.040625 0.05625
2 0.19375 0.571875 0.0578125 0.0640625
0 0.1515625 0.1953125 0.0515625 0.0484375
0 0.146875 0.1046875 0.0453125 0.046875
2 0.359375 0.4125 0.1 0.0609375
1 0.3515625 0.6859375 0.040625 0.04375