2 0.6234375 0.5109375 0.046875 0.0421875
2 0.6671875 0.5703125 0.05625 0.0484375
2 0.4828125 0.7546875 0.040625 0.0421875
2 0.709375 0.6578125 0.0390625 0.059375
2 0.4265625 0.8765625 0.034375 0.0453125
2 0.775 0.7015625 0.04375 0.04375
2 0.628125 0.5640625 0.046875 0.0453125
2 0.2765625 0.140625 0.0578125 0.04375
2 0.565625 0.5859375 0.0421875 0.04375
2 0.7078125 0.503125 0.046875 0.0375
2 0.375 0.5046875 0.0765625 0.0640625
2 0.5078125 0.4671875 0.046875 0.0328125
2 0.58125 0.534375 0.0453125 0.03125
2 0.565625 0.4640625 0.040625 0.046875
2 0.2546875 0.203125 0.0375 0.040625
2 0.5703125 0.8390625 0.05 0.0625
2 0.8078125 0.8546875 0.065625 0.046875
2 0.175 0.521875 0.05625 0.0609375
2 0.0703125 0.428125 0.0421875 0.05
2 0.425 0.371875 0.05625 0.053125
2 0.4609375 0.58125 0.0640625 0.0390625
2 0.5125 0.58125 0.05 0.0625
2 0.2984375 0.6171875 0.0703125 0.040625
2 0.3421875 0.271875 0.046875 0.059375
2 0.4875 0.4078125 0.053125 0.0453125
2 0.253125 0.303125 0.0390625 0.0453125
2 0.6171875 0.4515625 0.046875 0.0453125
2 0.290625 0.6765625 0.0484375 0.0359375
2 0.5171875 0.34375 0.046875 0.0625
2 0.753125 0.78125 0.05625 0.028125