2 0.55 0.7390625 0.071875 0.065625
2 0.7125 0.846875 0.0546875 0.075
2 0.303125 0.5078125 0.0796875 0.05625
2 0.559375 0.81875 0.053125 0.0453125
2 0.45625 0.2015625 0.0625 0.0515625
2 0.8078125 0.6234375 0.059375 0.0765625
2 0.80625 0.546875 0.065625 0.046875
2 0.5109375 0.1875 0.078125 0.05
2 0.628125 0.746875 0.0484375 0.05625
2 0.8984375 0.86875 0.065625 0.0265625
2 0.4078125 0.190625 0.053125 0.0484375
2 0.50625 0.6296875 0.04375 0.046875
2 0.384375 0.11875 0.0640625 0.04375
2 0.6265625 0.678125 0.0625 0.0578125
2 0.4609375 0.5375 0.040625 0.059375
2 0.725 0.565625 0.0609375 0.0796875
2 0.8546875 0.6875 0.0421875 0.0609375
2 0.6140625 0.6234375 0.053125 0.0359375
2 0.6703125 0.7 0.046875 0.05625
2 0.36875 0.4484375 0.059375 0.0484375
2 0.5203125 0.1453125 0.0625 0.04375