2 0.3734375 0.221875 0.0609375 0.096875
2 0.9046875 0.621875 0.0984375 0.0546875
2 0.753125 0.790625 0.0734375 0.0703125
2 0.575 0.4828125 0.0609375 0.053125
2 0.875 0.346875 0.05 0.065625
2 0.2984375 0.425 0.0765625 0.065625
2 0.7140625 0.734375 0.0640625 0.0609375
2 0.95625 0.4625 0.05 0.0671875
2 0.3125 0.465625 0.071875 0.0703125
2 0.5140625 0.446875 0.0671875 0.0546875
2 0.596875 0.540625 0.05 0.05
0 0.35625 0.2328125 0.0390625 0.025
1 0.575 0.48125 0.01875 0.0234375
0 0.5828125 0.546875 0.03125 0.0390625
1 0.303125 0.4234375 0.0265625 0.025
1 0.3140625 0.4625 0.01875 0.0234375
1 0.8828125 0.3453125 0.021875 0.021875
0 0.9640625 0.4609375 0.028125 0.0296875
1 0.9015625 0.6078125 0.021875 0.0296875
1 0.6921875 0.746875 0.025 0.0234375
0 0.7421875 0.7890625 0.0328125 0.0296875