2 0.475 0.60625 0.0984375 0.090625
2 0.48125 0.1265625 0.0828125 0.0828125
2 0.2359375 0.11875 0.09375 0.059375
2 0.3328125 0.0890625 0.059375 0.0828125
2 0.3046875 0.125 0.0984375 0.059375
2 0.29375 0.64375 0.078125 0.0859375
2 0.215625 0.615625 0.0828125 0.078125
2 0.88125 0.765625 0.0890625 0.065625
2 0.8359375 0.4328125 0.071875 0.0515625
2 0.95625 0.809375 0.0546875 0.1046875
2 0.9203125 0.70625 0.09375 0.0515625
2 0.65 0.6703125 0.05 0.0984375
2 0.590625 0.8859375 0.0671875 0.071875
2 0.60625 0.1296875 0.0453125 0.0703125
0 0.225 0.596875 0.0328125 0.04375
1 0.2953125 0.64375 0.0375 0.0296875
0 0.478125 0.5890625 0.0328125 0.0484375
1 0.6328125 0.6640625 0.028125 0.028125
1 0.58125 0.890625 0.028125 0.028125
1 0.96875 0.8046875 0.028125 0.0328125
0 0.890625 0.75 0.0359375 0.0390625
0 0.8203125 0.4203125 0.0328125 0.021875
1 0.921875 0.690625 0.0296875 0.034375
0 0.2375 0.13125 0.025 0.040625
0 0.30625 0.1109375 0.0296875 0.0453125
1 0.3453125 0.0875 0.0328125 0.0296875
1 0.478125 0.1171875 0.025 0.0359375
2 0.871875 0.603125 0.0484375 0.0671875
0 0.8609375 0.6015625 0.03125 0.0296875
2 0.7828125 0.5265625 0.0734375 0.05625
1 0.790625 0.5125 0.028125 0.0375
1 0.615625 0.121875 0.0203125 0.0328125
2 0.4515625 0.0625 0.071875 0.0328125
1 0.4421875 0.0578125 0.028125 0.021875
2 0.6546875 0.478125 0.05 0.04375
2 0.678125 0.49375 0.05625 0.0609375
2 0.8546875 0.5375 0.05625 0.071875
2 0.95625 0.496875 0.0515625 0.0546875