2 0.56875 0.6125 0.096875 0.06875
2 0.334375 0.5765625 0.0578125 0.059375
2 0.628125 0.4234375 0.065625 0.0515625
2 0.590625 0.678125 0.0796875 0.06875
2 0.671875 0.7125 0.078125 0.059375
2 0.6734375 0.75625 0.103125 0.059375
2 0.778125 0.728125 0.0609375 0.0578125
2 0.3734375 0.665625 0.0671875 0.0609375
2 0.303125 0.6625 0.071875 0.071875
2 0.21875 0.71875 0.0578125 0.0859375
2 0.2828125 0.6015625 0.0796875 0.0484375
0 0.6171875 0.4375 0.0390625 0.0265625
1 0.2375 0.725 0.03125 0.0265625
0 0.2890625 0.6734375 0.0359375 0.0359375
1 0.2859375 0.6140625 0.021875 0.0328125
1 0.34375 0.5734375 0.028125 0.0265625
1 0.3765625 0.671875 0.025 0.03125
2 0.36875 0.6234375 0.0953125 0.0453125
1 0.365625 0.6125 0.021875 0.03125
0 0.565625 0.596875 0.028125 0.040625
0 0.5765625 0.690625 0.034375 0.0296875
0 0.6734375 0.7203125 0.03125 0.0328125
0 0.6828125 0.76875 0.0265625 0.04375
0 0.784375 0.721875 0.0296875 0.028125