2 0.2734375 0.3515625 0.0796875 0.065625
2 0.434375 0.3984375 0.0796875 0.0625
2 0.3375 0.2421875 0.078125 0.084375
2 0.7 0.3359375 0.090625 0.0578125
2 0.7625 0.409375 0.06875 0.065625
2 0.4796875 0.528125 0.075 0.0625
2 0.484375 0.565625 0.075 0.05
2 0.5453125 0.58125 0.065625 0.053125
2 0.3765625 0.66875 0.059375 0.084375
2 0.3328125 0.7078125 0.0734375 0.0578125
2 0.7109375 0.7421875 0.075 0.05625
2 0.7390625 0.925 0.0640625 0.053125
2 0.4203125 0.903125 0.0609375 0.0515625
2 0.4265625 0.84375 0.05625 0.0453125
2 0.35 0.109375 0.0640625 0.04375
2 0.578125 0.8359375 0.046875 0.05625
2 0.746875 0.3609375 0.046875 0.053125
2 0.4921875 0.8078125 0.06875 0.034375
2 0.5109375 0.9265625 0.05 0.0484375
0 0.3453125 0.2390625 0.0359375 0.0328125
1 0.271875 0.346875 0.03125 0.0359375
1 0.4375 0.3953125 0.0359375 0.0265625
1 0.33125 0.6953125 0.0265625 0.034375
0 0.3625 0.6671875 0.0359375 0.0265625
1 0.5421875 0.5703125 0.028125 0.0296875
1 0.4875 0.5765625 0.0265625 0.0328125
1 0.4765625 0.528125 0.025 0.0265625
0 0.7015625 0.753125 0.03125 0.0359375
0 0.4734375 0.8109375 0.034375 0.03125
0 0.734375 0.928125 0.0375 0.025
1 0.4171875 0.915625 0.021875 0.034375
1 0.41875 0.859375 0.025 0.0265625
1 0.5671875 0.8296875 0.028125 0.034375
0 0.7625 0.415625 0.0359375 0.03125
1 0.703125 0.3515625 0.025 0.028125
2 0.5921875 0.6359375 0.0484375 0.04375
2 0.390625 0.865625 0.03125 0.0609375
1 0.3984375 0.859375 0.0171875 0.021875
2 0.5765625 0.646875 0.03125 0.025