2 0.840625 0.615625 0.04375 0.040625
2 0.86875 0.534375 0.046875 0.05
2 0.178125 0.7484375 0.046875 0.0453125
2 0.9046875 0.4328125 0.065625 0.05
2 0.7953125 0.6359375 0.05 0.046875
2 0.3828125 0.6578125 0.0578125 0.0625
2 0.68125 0.4984375 0.0484375 0.0453125
2 0.6171875 0.44375 0.0484375 0.0375
2 0.278125 0.64375 0.040625 0.034375
2 0.2375 0.659375 0.0265625 0.0453125
2 0.2171875 0.6609375 0.0265625 0.04375
2 0.1265625 0.6296875 0.0296875 0.0453125
2 0.1078125 0.6640625 0.03125 0.0484375
2 0.203125 0.696875 0.0390625 0.0609375
2 0.628125 0.846875 0.0390625 0.0484375
2 0.790625 0.24375 0.0609375 0.046875
2 0.80625 0.159375 0.05 0.0578125
2 0.5421875 0.1890625 0.0515625 0.0390625
2 0.2796875 0.578125 0.025 0.046875