2 0.7125 0.1421875 0.075 0.0765625
2 0.528125 0.6890625 0.0671875 0.071875
2 0.80625 0.5703125 0.0609375 0.0671875
2 0.6796875 0.828125 0.0625 0.0546875
2 0.5484375 0.625 0.065625 0.0640625
2 0.8984375 0.278125 0.053125 0.0640625
2 0.5046875 0.8671875 0.05625 0.078125
2 0.7515625 0.590625 0.046875 0.065625
2 0.46875 0.8578125 0.040625 0.06875
0 0.9140625 0.29375 0.03125 0.0265625
0 0.7140625 0.140625 0.0265625 0.03125
0 0.7984375 0.571875 0.03125 0.0328125
0 0.5515625 0.6296875 0.0296875 0.0296875
0 0.525 0.6953125 0.0328125 0.0265625
0 0.6734375 0.821875 0.028125 0.0359375
0 0.465625 0.8625 0.03125 0.0296875
2 0.4171875 0.915625 0.0625 0.046875