2 0.259375 0.1328125 0.059375 0.0796875
2 0.3234375 0.475 0.0703125 0.0671875
2 0.634375 0.8421875 0.06875 0.071875
2 0.740625 0.4359375 0.0546875 0.053125
2 0.625 0.246875 0.0703125 0.053125
2 0.578125 0.090625 0.0875 0.0609375
2 0.475 0.4 0.0546875 0.0578125
2 0.5453125 0.415625 0.053125 0.053125
2 0.69375 0.6953125 0.04375 0.0453125
2 0.515625 0.5328125 0.046875 0.0546875
2 0.7703125 0.6953125 0.0609375 0.0390625
2 0.5484375 0.2765625 0.0609375 0.053125
2 0.6546875 0.746875 0.05 0.04375
2 0.834375 0.909375 0.0546875 0.0453125
2 0.5515625 0.60625 0.0609375 0.0578125
2 0.728125 0.5671875 0.040625 0.0609375
2 0.6484375 0.4984375 0.0453125 0.05
2 0.74375 0.609375 0.0421875 0.059375
2 0.575 0.5109375 0.05 0.05
2 0.5796875 0.3359375 0.0421875 0.0625
2 0.759375 0.7515625 0.06875 0.0609375
2 0.9171875 0.6296875 0.0484375 0.0796875
2 0.359375 0.53125 0.059375 0.0484375
2 0.5453125 0.1671875 0.040625 0.0484375
2 0.4875 0.11875 0.0578125 0.05625
2 0.98125 0.7078125 0.0359375 0.0609375
2 0.4984375 0.309375 0.046875 0.059375
2 0.428125 0.171875 0.0515625 0.0671875
2 0.484375 0.0765625 0.05 0.0359375
2 0.553125 0.20625 0.05625 0.0390625
2 0.859375 0.7109375 0.0265625 0.0453125
2 0.453125 0.2890625 0.0296875 0.0453125