2 0.5546875 0.3984375 0.090625 0.0953125
2 0.8484375 0.375 0.0796875 0.103125
2 0.39375 0.7734375 0.075 0.084375
2 0.6203125 0.6046875 0.075 0.0765625
2 0.740625 0.6125 0.0796875 0.0515625
2 0.3546875 0.78125 0.0625 0.0796875
1 0.365625 0.7859375 0.028125 0.03125
1 0.390625 0.7765625 0.03125 0.0328125
0 0.6171875 0.6234375 0.034375 0.0390625
1 0.5515625 0.4015625 0.028125 0.028125
1 0.7296875 0.6 0.028125 0.028125
1 0.8375 0.3796875 0.0359375 0.0328125
2 0.9734375 0.55625 0.0453125 0.0671875
2 0.4796875 0.5484375 0.0734375 0.0859375