2 0.2671875 0.3421875 0.06875 0.0671875
2 0.7828125 0.3328125 0.0765625 0.053125
2 0.1375 0.28125 0.065625 0.059375
2 0.2640625 0.240625 0.059375 0.071875
2 0.1796875 0.30625 0.0578125 0.0625
2 0.2359375 0.421875 0.05 0.0640625
2 0.6578125 0.24375 0.05 0.0515625
2 0.596875 0.265625 0.0421875 0.0578125
2 0.31875 0.35625 0.08125 0.0515625
2 0.48125 0.353125 0.0578125 0.0578125
2 0.8828125 0.4796875 0.0546875 0.0640625
2 0.3234375 0.5390625 0.053125 0.046875
2 0.6515625 0.6671875 0.059375 0.05625
2 0.7875 0.7390625 0.04375 0.06875
2 0.6578125 0.3375 0.0515625 0.053125
2 0.7484375 0.6984375 0.0609375 0.046875
2 0.409375 0.4890625 0.0484375 0.0640625
2 0.1078125 0.209375 0.0921875 0.0671875
2 0.7171875 0.3734375 0.03125 0.0453125
2 0.384375 0.4125 0.059375 0.0515625
2 0.2640625 0.50625 0.0546875 0.05625
2 0.70625 0.3296875 0.0515625 0.08125
2 0.5390625 0.6515625 0.05625 0.0546875
2 0.3234375 0.3 0.0640625 0.0578125
2 0.6703125 0.3875 0.046875 0.05625
2 0.4390625 0.3828125 0.059375 0.0546875
2 0.8328125 0.421875 0.0390625 0.0765625
2 0.315625 0.578125 0.04375 0.05
2 0.8171875 0.5 0.05 0.0625
2 0.43125 0.5875 0.0515625 0.0515625
2 0.9 0.3359375 0.0703125 0.0578125
2 0.3640625 0.5859375 0.05625 0.034375
2 0.1828125 0.409375 0.046875 0.0515625
2 0.546875 0.7140625 0.05625 0.0515625
2 0.5546875 0.3625 0.0875 0.053125
2 0.7875 0.628125 0.0484375 0.0609375
2 0.6765625 0.59375 0.046875 0.0546875
2 0.1421875 0.3421875 0.059375 0.0609375
2 0.709375 0.7609375 0.0453125 0.0515625
2 0.6265625 0.475 0.053125 0.0546875
2 0.6390625 0.6328125 0.046875 0.0515625
2 0.665625 0.7625 0.0390625 0.034375
2 0.56875 0.5125 0.05625 0.053125
2 0.578125 0.41875 0.0421875 0.065625
2 0.221875 0.48125 0.040625 0.059375
2 0.3625 0.2265625 0.0578125 0.0484375
2 0.2984375 0.196875 0.0484375 0.03125
2 0.075 0.0921875 0.0390625 0.0640625
2 0.69375 0.4171875 0.05 0.040625
2 0.6515625 0.4328125 0.0390625 0.075
2 0.725 0.4625 0.0640625 0.0609375
2 0.390625 0.503125 0.0625 0.0484375
2 0.3765625 0.5375 0.0609375 0.05625
2 0.390625 0.4546875 0.059375 0.05
2 0.290625 0.5296875 0.0640625 0.046875
2 0.409375 0.6109375 0.0390625 0.0265625
2 0.871875 0.7171875 0.0421875 0.05
2 0.53125 0.44375 0.0484375 0.0515625
2 0.6234375 0.74375 0.0578125 0.05625
2 0.6796875 0.2046875 0.0359375 0.0515625