2 0.6078125 0.7734375 0.1015625 0.109375
2 0.34375 0.640625 0.1328125 0.0859375
2 0.43125 0.7140625 0.075 0.1515625
2 0.4828125 0.6890625 0.0859375 0.0859375
2 0.284375 0.3515625 0.090625 0.115625
2 0.3171875 0.35 0.071875 0.10625
2 0.4484375 0.4171875 0.1 0.0859375
2 0.3703125 0.3015625 0.0640625 0.11875
2 0.5890625 0.1765625 0.071875 0.1171875
2 0.5203125 0.2828125 0.0765625 0.08125
2 0.496875 0.3671875 0.09375 0.0953125
2 0.4453125 0.290625 0.0703125 0.1125
2 0.4859375 0.21875 0.0796875 0.0734375
2 0.55 0.2015625 0.10625 0.06875
1 0.56875 0.1765625 0.0359375 0.0328125
0 0.5015625 0.2765625 0.0484375 0.0453125
0 0.459375 0.2875 0.04375 0.0421875
0 0.4703125 0.228125 0.0421875 0.0390625
2 0.4296875 0.2171875 0.05625 0.0703125
0 0.446875 0.203125 0.028125 0.05
1 0.35 0.3078125 0.0375 0.0375
0 0.3125 0.3515625 0.04375 0.0453125
0 0.453125 0.428125 0.0421875 0.05
0 0.4796875 0.35 0.040625 0.0421875
1 0.3421875 0.6578125 0.0359375 0.0453125
0 0.4140625 0.7140625 0.0484375 0.046875
0 0.4875 0.671875 0.0421875 0.0484375
0 0.603125 0.7671875 0.0453125 0.05
1 0.284375 0.3640625 0.0390625 0.0390625
1 0.5484375 0.190625 0.034375 0.0421875