2 0.6828125 0.5109375 0.153125 0.0984375
2 0.6078125 0.43125 0.078125 0.1359375
2 0.684375 0.2515625 0.084375 0.096875
2 0.8796875 0.271875 0.1171875 0.0921875
2 0.3671875 0.3859375 0.115625 0.075
2 0.16875 0.315625 0.090625 0.0859375
2 0.234375 0.2171875 0.103125 0.0828125
2 0.3171875 0.246875 0.071875 0.14375
2 0.2453125 0.28125 0.09375 0.0625
2 0.2703125 0.3453125 0.1 0.06875
2 0.4375 0.7453125 0.1484375 0.0859375
0 0.2203125 0.2125 0.0453125 0.0515625
1 0.1796875 0.2984375 0.040625 0.0421875
1 0.234375 0.290625 0.0390625 0.04375
0 0.334375 0.25 0.0546875 0.0453125
1 0.2828125 0.33125 0.040625 0.040625
0 0.3671875 0.4 0.0375 0.0546875
0 0.628125 0.43125 0.053125 0.0375
0 0.88125 0.253125 0.0453125 0.0640625
0 0.6921875 0.24375 0.0421875 0.0515625
0 0.6828125 0.5265625 0.04375 0.06875
1 0.4421875 0.7671875 0.0421875 0.0484375