2 0.290625 0.3890625 0.0703125 0.06875
2 0.453125 0.4734375 0.071875 0.0578125
2 0.3625 0.6859375 0.0578125 0.059375
2 0.4234375 0.7453125 0.0625 0.0546875
2 0.096875 0.3265625 0.0609375 0.0734375
2 0.6546875 0.853125 0.059375 0.05625
2 0.2515625 0.4734375 0.0625 0.053125
2 0.15 0.4421875 0.053125 0.059375
2 0.08125 0.4078125 0.0609375 0.05625
2 0.5375 0.6078125 0.065625 0.0578125
2 0.1421875 0.36875 0.0640625 0.0609375
2 0.028125 0.371875 0.0515625 0.0640625
2 0.421875 0.865625 0.0578125 0.065625
2 0.0453125 0.4546875 0.0453125 0.059375
2 0.45625 0.6 0.0765625 0.0546875
2 0.45 0.5578125 0.0984375 0.0546875
2 0.425 0.8015625 0.0546875 0.05
2 0.346875 0.6484375 0.053125 0.0484375
2 0.40625 0.5171875 0.0640625 0.04375