2 0.7484375 0.734375 0.0828125 0.0625
2 0.4609375 0.646875 0.065625 0.0546875
2 0.6625 0.5296875 0.065625 0.0703125
2 0.33125 0.2484375 0.0625 0.0578125
2 0.4171875 0.5765625 0.0625 0.059375
2 0.234375 0.4 0.1140625 0.0625
2 0.784375 0.934375 0.0640625 0.0546875
2 0.60625 0.621875 0.059375 0.0515625
2 0.5234375 0.6109375 0.059375 0.0609375
2 0.33125 0.4375 0.071875 0.05
2 0.0421875 0.325 0.05625 0.0609375
2 0.865625 0.6875 0.0484375 0.0640625
2 0.1125 0.303125 0.05 0.0578125
2 0.6984375 0.5859375 0.04375 0.05625
2 0.5578125 0.56875 0.0546875 0.05625
2 0.778125 0.7875 0.0484375 0.0515625
2 0.3625 0.8265625 0.059375 0.059375
2 0.0828125 0.246875 0.0546875 0.0453125
2 0.4875 0.9015625 0.0546875 0.0609375
2 0.1546875 0.2546875 0.0515625 0.0546875
2 0.06875 0.1734375 0.0625 0.059375
2 0.4890625 0.934375 0.0703125 0.059375
2 0.540625 0.875 0.04375 0.059375
2 0.4296875 0.428125 0.0578125 0.0578125
2 0.4546875 0.528125 0.0671875 0.0578125
2 0.6046875 0.578125 0.0578125 0.034375
2 0.5890625 0.8390625 0.046875 0.05625
2 0.4125 0.846875 0.04375 0.0453125
2 0.584375 0.871875 0.05625 0.04375
2 0.540625 0.9359375 0.0359375 0.0484375
2 0.390625 0.6125 0.053125 0.0359375
2 0.2640625 0.3203125 0.053125 0.0359375
2 0.303125 0.409375 0.0640625 0.0421875
2 0.078125 0.271875 0.05625 0.0375
2 0.0546875 0.20625 0.0515625 0.040625
2 0.0265625 0.1765625 0.0359375 0.053125