2 0.634375 0.7125 0.075 0.071875
2 0.4390625 0.6671875 0.0734375 0.075
2 0.428125 0.3203125 0.0734375 0.06875
2 0.68125 0.3546875 0.0953125 0.0703125
2 0.7171875 0.4859375 0.0625 0.0671875
2 0.4546875 0.24375 0.08125 0.0609375
2 0.4671875 0.465625 0.0671875 0.0703125
2 0.3359375 0.23125 0.065625 0.059375
2 0.321875 0.1390625 0.0703125 0.0671875
2 0.6953125 0.815625 0.0453125 0.0484375
2 0.553125 0.7625 0.0703125 0.0640625
2 0.2734375 0.1484375 0.06875 0.0671875
2 0.9625 0.6328125 0.0390625 0.0703125
2 0.309375 0.44375 0.0625 0.05
2 0.1734375 0.15625 0.05625 0.059375
2 0.31875 0.503125 0.0796875 0.0609375
2 0.9484375 0.8390625 0.053125 0.09375
2 0.234375 0.396875 0.0453125 0.059375
2 0.3671875 0.603125 0.059375 0.065625
2 0.1796875 0.109375 0.0453125 0.0609375
2 0.2875 0.2390625 0.059375 0.0671875
2 0.2 0.028125 0.0734375 0.046875
2 0.7140625 0.378125 0.0546875 0.0640625
2 0.278125 0.46875 0.053125 0.065625
2 0.275 0.41875 0.0421875 0.04375
2 0.6171875 0.7875 0.071875 0.059375
2 0.859375 0.8828125 0.065625 0.053125
2 0.75625 0.8546875 0.0625 0.0484375
2 0.2328125 0.325 0.0671875 0.05
2 0.8 0.875 0.05625 0.0484375
2 0.6921875 0.0234375 0.05 0.0453125
2 0.5546875 0.2125 0.053125 0.0859375
2 0.55 0.2578125 0.06875 0.0609375
2 0.5078125 0.2625 0.0640625 0.0578125
2 0.1875 0.20625 0.071875 0.0421875
2 0.1984375 0.2609375 0.06875 0.0328125
2 0.1953125 0.2984375 0.059375 0.0578125
2 0.2125 0.3578125 0.05625 0.0515625
2 0.3140625 0.5546875 0.0578125 0.059375
2 0.365625 0.553125 0.0640625 0.05
2 0.5859375 0.76875 0.04375 0.05625
2 0.9046875 0.89375 0.05 0.0609375
2 0.95625 0.9046875 0.0484375 0.0375
2 0.96875 0.5640625 0.0234375 0.0640625
2 0.925 0.6453125 0.053125 0.040625
2 0.203125 0.0515625 0.0671875 0.0296875
2 0.1578125 0.04375 0.059375 0.05625
2 0.1515625 0.10625 0.0359375 0.059375
2 0.2125 0.1734375 0.0421875 0.0421875