2 0.5984375 0.284375 0.0515625 0.04375
2 0.25625 0.6453125 0.0515625 0.0546875
2 0.44375 0.403125 0.059375 0.0390625
2 0.7765625 0.6796875 0.0421875 0.05625
2 0.575 0.75 0.0421875 0.05
2 0.9640625 0.2859375 0.028125 0.0390625
2 0.9703125 0.18125 0.0421875 0.046875
2 0.31875 0.5375 0.0390625 0.040625
2 0.76875 0.209375 0.046875 0.028125
2 0.853125 0.2953125 0.0265625 0.0390625
2 0.7671875 0.4078125 0.0359375 0.040625
2 0.7234375 0.3890625 0.0296875 0.028125
2 0.73125 0.4125 0.0296875 0.0296875
2 0.928125 0.371875 0.0390625 0.0328125
2 0.953125 0.3359375 0.0390625 0.03125
2 0.8453125 0.184375 0.0359375 0.0296875
2 0.8046875 0.2078125 0.034375 0.0390625
2 0.684375 0.296875 0.0359375 0.0515625
2 0.725 0.6890625 0.0390625 0.053125
2 0.759375 0.3046875 0.05625 0.0484375
2 0.503125 0.73125 0.04375 0.0265625
2 0.5671875 0.8796875 0.0578125 0.0484375