2 0.6125 0.109375 0.084375 0.0828125
2 0.53125 0.24375 0.0875 0.078125
2 0.3546875 0.1796875 0.084375 0.08125
2 0.559375 0.1546875 0.06875 0.0859375
2 0.0421875 0.7203125 0.084375 0.0578125
2 0.259375 0.44375 0.1 0.071875
1 0.0484375 0.703125 0.03125 0.034375
1 0.25625 0.4296875 0.03125 0.03125
1 0.5375 0.2296875 0.0375 0.03125
1 0.34375 0.1765625 0.03125 0.0390625
0 0.54375 0.153125 0.0453125 0.0328125
0 0.6046875 0.1078125 0.046875 0.0375
2 0.8015625 0.54375 0.0859375 0.0765625
1 0.7921875 0.5375 0.03125 0.0375