2 0.5046875 0.4265625 0.0625 0.0765625
2 0.54375 0.7484375 0.065625 0.0671875
2 0.675 0.7953125 0.05625 0.0625
2 0.0328125 0.4 0.0625 0.0703125
2 0.26875 0.534375 0.0703125 0.0578125
2 0.6765625 0.88125 0.09375 0.053125
2 0.484375 0.80625 0.0671875 0.0671875
2 0.3296875 0.75625 0.0578125 0.059375
2 0.4515625 0.8703125 0.0640625 0.0640625
2 0.6046875 0.896875 0.0609375 0.046875
2 0.221875 0.4375 0.059375 0.0578125
2 0.4046875 0.8328125 0.05 0.0625
2 0.0265625 0.6140625 0.053125 0.0796875
2 0.4640625 0.73125 0.0625 0.0703125
2 0.1078125 0.6375 0.040625 0.0625
2 0.3078125 0.5515625 0.0625 0.096875
2 0.16875 0.2390625 0.0734375 0.0578125
0 0.1640625 0.25 0.025 0.0265625
0 0.0984375 0.6203125 0.01875 0.0296875
1 0.2640625 0.5265625 0.0265625 0.03125
1 0.2984375 0.5515625 0.025 0.0265625
1 0.5015625 0.4265625 0.025 0.0296875
1 0.315625 0.753125 0.0171875 0.0203125
0 0.478125 0.7390625 0.021875 0.0328125
0 0.5375 0.746875 0.0265625 0.0265625
1 0.6640625 0.7953125 0.01875 0.0265625
0 0.4328125 0.8625 0.0296875 0.0234375
2 0.4453125 0.8078125 0.04375 0.0640625
2 0.6078125 0.8609375 0.0421875 0.046875
1 0.4390625 0.803125 0.0203125 0.028125
0 0.6078125 0.896875 0.0359375 0.028125
0 0.0359375 0.3875 0.0265625 0.0234375