2 0.7515625 0.440625 0.109375 0.078125
2 0.8484375 0.4421875 0.0828125 0.0796875
2 0.9578125 0.478125 0.0796875 0.090625
2 0.953125 0.4015625 0.090625 0.075
2 0.921875 0.3546875 0.0796875 0.0875
2 0.55625 0.228125 0.0984375 0.075
2 0.4796875 0.515625 0.065625 0.1
2 0.5515625 0.6296875 0.0828125 0.078125
2 0.6109375 0.5921875 0.071875 0.0671875
2 0.4140625 0.71875 0.090625 0.0875
2 0.0609375 0.721875 0.0875 0.078125
2 0.6578125 0.246875 0.0828125 0.071875
2 0.6546875 0.1875 0.065625 0.0671875
1 0.059375 0.7375 0.03125 0.040625
0 0.4125 0.721875 0.0453125 0.034375
1 0.4671875 0.515625 0.0375 0.0328125
1 0.54375 0.6328125 0.0328125 0.040625
1 0.6078125 0.5953125 0.0328125 0.0375
0 0.5546875 0.2125 0.0359375 0.0453125
0 0.759375 0.45 0.0390625 0.0421875
1 0.8515625 0.440625 0.0375 0.0359375
1 0.959375 0.4828125 0.0390625 0.0296875
0 0.9796875 0.4203125 0.0296875 0.0484375
1 0.9390625 0.353125 0.0390625 0.0328125
1 0.66875 0.196875 0.0328125 0.03125
1 0.64375 0.23125 0.0359375 0.0296875
2 0.171875 0.7109375 0.071875 0.0671875
2 0.965625 0.2984375 0.0625 0.04375
0 0.9625 0.3109375 0.0453125 0.028125