2 0.2171875 0.559375 0.0875 0.0828125
2 0.3703125 0.6875 0.0859375 0.0921875
2 0.665625 0.75625 0.096875 0.0859375
2 0.68125 0.6984375 0.0859375 0.0671875
2 0.7296875 0.3484375 0.08125 0.071875
2 0.821875 0.3984375 0.0875 0.0796875
2 0.8640625 0.3234375 0.071875 0.0828125
0 0.21875 0.5546875 0.040625 0.034375
1 0.3765625 0.684375 0.034375 0.03125
0 0.6578125 0.7671875 0.0328125 0.04375
1 0.68125 0.7 0.028125 0.0296875
0 0.721875 0.353125 0.0296875 0.03125
0 0.846875 0.303125 0.0265625 0.0390625
0 0.809375 0.378125 0.03125 0.053125