2 0.3375 0.2875 0.078125 0.0765625
2 0.4625 0.6375 0.071875 0.065625
2 0.1328125 0.2890625 0.05625 0.0828125
2 0.29375 0.1109375 0.0734375 0.0625
2 0.25625 0.4984375 0.08125 0.059375
2 0.621875 0.4875 0.0765625 0.0609375
2 0.540625 0.534375 0.05625 0.0890625
2 0.31875 0.046875 0.06875 0.0640625
2 0.56875 0.509375 0.0796875 0.0625
0 0.5703125 0.49375 0.0296875 0.0359375
1 0.459375 0.6296875 0.0265625 0.0296875
1 0.340625 0.2859375 0.0234375 0.0265625
1 0.115625 0.28125 0.0296875 0.03125
1 0.29375 0.121875 0.021875 0.0265625
1 0.371875 0.028125 0.0265625 0.0265625
0 0.321875 0.0609375 0.025 0.0328125