2 0.4 0.509375 0.0890625 0.059375
2 0.4921875 0.3984375 0.0609375 0.05
2 0.3328125 0.575 0.0796875 0.046875
2 0.7328125 0.25625 0.0640625 0.0609375
2 0.5484375 0.3890625 0.0625 0.053125
2 0.2671875 0.44375 0.05 0.0609375
2 0.446875 0.321875 0.05 0.09375
2 0.215625 0.45625 0.0640625 0.0515625
2 0.609375 0.16875 0.0546875 0.0515625
2 0.603125 0.1125 0.065625 0.0625
2 0.6015625 0.21875 0.071875 0.059375
2 0.6578125 0.2859375 0.071875 0.0609375
2 0.61875 0.2640625 0.0546875 0.0734375
2 0.2140625 0.3953125 0.0671875 0.065625
2 0.3 0.5296875 0.0484375 0.0765625
2 0.796875 0.2328125 0.0390625 0.05
2 0.50625 0.334375 0.05 0.0390625
2 0.584375 0.3 0.0546875 0.0453125
2 0.5515625 0.353125 0.059375 0.05
2 0.528125 0.2890625 0.053125 0.065625
2 0.4765625 0.2546875 0.0609375 0.04375
1 0.39375 0.4953125 0.0234375 0.03125
1 0.3328125 0.5828125 0.01875 0.025
1 0.3125 0.5375 0.0234375 0.021875
1 0.2046875 0.4609375 0.021875 0.025
1 0.2671875 0.4421875 0.0234375 0.0234375
1 0.21875 0.39375 0.021875 0.025
1 0.4921875 0.39375 0.0203125 0.0234375
1 0.6140625 0.1671875 0.0234375 0.021875
1 0.7265625 0.259375 0.01875 0.0203125
1 0.8078125 0.2359375 0.0171875 0.021875
1 0.6234375 0.26875 0.01875 0.0203125
1 0.5359375 0.396875 0.0234375 0.0203125
0 0.4421875 0.3203125 0.03125 0.025
0 0.5046875 0.3390625 0.0265625 0.0234375
0 0.5421875 0.340625 0.01875 0.025
0 0.578125 0.2921875 0.0203125 0.025
0 0.6125 0.2125 0.025 0.025
0 0.58125 0.1359375 0.0265625 0.025
1 0.5296875 0.2875 0.0234375 0.028125
1 0.65 0.290625 0.0203125 0.025