2 0.7046875 0.6 0.0765625 0.08125
2 0.6390625 0.678125 0.0765625 0.0671875
2 0.296875 0.9171875 0.078125 0.0828125
2 0.3859375 0.8890625 0.0765625 0.0765625
2 0.7296875 0.1421875 0.0875 0.0640625
2 0.5140625 0.3140625 0.11875 0.06875
2 0.2203125 0.4109375 0.115625 0.0640625
2 0.6734375 0.403125 0.0765625 0.0765625
2 0.6140625 0.4046875 0.0609375 0.0984375
2 0.59375 0.4671875 0.096875 0.06875
2 0.515625 0.596875 0.1125 0.0640625
2 0.18125 0.6984375 0.078125 0.0984375
2 0.30625 0.665625 0.0625 0.1015625
2 0.340625 0.640625 0.078125 0.0796875
2 0.3765625 0.59375 0.065625 0.078125
2 0.425 0.603125 0.0578125 0.0703125
2 0.5 0.5046875 0.071875 0.071875
2 0.35625 0.0640625 0.05625 0.05
0 0.2828125 0.9234375 0.0390625 0.0359375
0 0.371875 0.8890625 0.040625 0.0328125
0 0.171875 0.6859375 0.0390625 0.0421875
1 0.221875 0.4203125 0.025 0.0328125
2 0.59375 0.7234375 0.0734375 0.1
0 0.5796875 0.721875 0.0375 0.0390625
1 0.315625 0.66875 0.0421875 0.0265625
1 0.3609375 0.6296875 0.040625 0.040625
1 0.38125 0.5984375 0.0328125 0.03125
1 0.4109375 0.6015625 0.03125 0.0265625
0 0.50625 0.6125 0.028125 0.0421875
1 0.5 0.5046875 0.0234375 0.0296875
0 0.5953125 0.4765625 0.0328125 0.04375
1 0.6859375 0.3859375 0.025 0.03125
0 0.6203125 0.4046875 0.034375 0.028125
1 0.5140625 0.3296875 0.0296875 0.03125
2 0.503125 0.4296875 0.0640625 0.0578125
2 0.4578125 0.5515625 0.046875 0.065625
1 0.465625 0.540625 0.021875 0.03125
1 0.725 0.13125 0.0265625 0.0359375
1 0.3453125 0.0546875 0.0203125 0.0265625
0 0.696875 0.6 0.0296875 0.0375
0 0.634375 0.6796875 0.0375 0.034375