2 0.50625 0.875 0.075 0.053125
2 0.684375 0.7234375 0.0625 0.0609375
2 0.584375 0.7375 0.071875 0.0703125
2 0.3484375 0.8328125 0.0703125 0.0625
2 0.2328125 0.7046875 0.0609375 0.0578125
2 0.4453125 0.74375 0.065625 0.0578125
2 0.59375 0.803125 0.078125 0.05
2 0.70625 0.240625 0.0625 0.065625
2 0.325 0.565625 0.0625 0.0671875
2 0.4984375 0.4953125 0.06875 0.059375
2 0.3375 0.4875 0.0703125 0.046875
2 0.31875 0.621875 0.0484375 0.0578125
2 0.6359375 0.39375 0.05625 0.0734375
2 0.4265625 0.884375 0.0703125 0.046875
2 0.5953125 0.6703125 0.0609375 0.065625
2 0.5734375 0.434375 0.0671875 0.05625
2 0.5859375 0.95 0.05625 0.0375
2 0.5328125 0.8328125 0.053125 0.0453125
2 0.2671875 0.671875 0.059375 0.0578125
2 0.2546875 0.6203125 0.0625 0.059375
2 0.6671875 0.55625 0.0640625 0.0484375
2 0.2203125 0.85 0.053125 0.04375
2 0.4375 0.8234375 0.0484375 0.0546875
2 0.5609375 0.2890625 0.0359375 0.059375
2 0.7859375 0.4125 0.0609375 0.04375
2 0.54375 0.4015625 0.0546875 0.040625
2 0.484375 0.9515625 0.0671875 0.03125
2 0.93125 0.1625 0.0765625 0.04375
2 0.56875 0.59375 0.034375 0.053125
2 0.821875 0.6953125 0.05625 0.0328125
2 0.4890625 0.6890625 0.0359375 0.0546875
2 0.6 0.4296875 0.0515625 0.059375
2 0.6 0.2875 0.046875 0.053125
2 0.784375 0.2234375 0.0421875 0.0640625
2 0.8203125 0.2 0.046875 0.0484375
2 0.50625 0.3515625 0.034375 0.05
2 0.3859375 0.4984375 0.0578125 0.0546875
2 0.2234375 0.753125 0.0421875 0.046875
2 0.2109375 0.778125 0.065625 0.0390625
2 0.1921875 0.921875 0.0484375 0.0484375
2 0.6453125 0.603125 0.053125 0.046875
2 0.2890625 0.5859375 0.0359375 0.0359375