2 0.5 0.140625 0.1546875 0.1953125
2 0.2984375 0.228125 0.15625 0.175
2 0.3640625 0.3328125 0.11875 0.1390625
2 0.5171875 0.3125 0.15625 0.1734375
2 0.496875 0.4171875 0.1625 0.190625
2 0.715625 0.4203125 0.11875 0.2265625
2 0.35625 0.6921875 0.15625 0.2234375
2 0.7515625 0.753125 0.14375 0.196875
2 0.4546875 0.9015625 0.165625 0.165625
0 0.4671875 0.1453125 0.0703125 0.0625
0 0.2671875 0.23125 0.06875 0.065625
1 0.5109375 0.3125 0.053125 0.0546875
1 0.3671875 0.3296875 0.0578125 0.059375
1 0.7578125 0.753125 0.0609375 0.059375
0 0.3875 0.6953125 0.06875 0.0703125
1 0.4421875 0.896875 0.059375 0.0625
1 0.5 0.4234375 0.0578125 0.0546875