2 0.590625 0.5078125 0.1 0.05625
2 0.7796875 0.3 0.0765625 0.0546875
2 0.178125 0.3296875 0.078125 0.0734375
2 0.325 0.059375 0.075 0.0890625
2 0.4375 0.065625 0.06875 0.0421875
2 0.640625 0.5609375 0.0640625 0.0703125
2 0.7734375 0.7265625 0.0703125 0.0734375
0 0.7703125 0.728125 0.034375 0.0375
0 0.6484375 0.5484375 0.034375 0.0296875
0 0.590625 0.49375 0.03125 0.0453125
1 0.775 0.2921875 0.0328125 0.0328125
0 0.434375 0.0640625 0.06875 0.0421875
1 0.3234375 0.05625 0.075 0.0890625
1 0.178125 0.334375 0.034375 0.0390625
1 0.115625 0.2640625 0.0359375 0.028125