2 0.259375 0.2171875 0.0734375 0.0859375
2 0.6125 0.6359375 0.0921875 0.0953125
2 0.4671875 0.471875 0.090625 0.071875
2 0.4703125 0.5296875 0.0859375 0.0765625
2 0.3703125 0.6203125 0.1125 0.0671875
2 0.38125 0.5703125 0.090625 0.0671875
2 0.4609375 0.6640625 0.0828125 0.096875
0 0.6078125 0.64375 0.040625 0.04375
0 0.4734375 0.65625 0.0453125 0.0390625
0 0.36875 0.6359375 0.034375 0.0453125
0 0.3984375 0.5578125 0.034375 0.0375
1 0.4640625 0.5375 0.034375 0.0375
1 0.459375 0.48125 0.0328125 0.0359375
1 0.25 0.2171875 0.034375 0.03125
2 0.703125 0.0921875 0.065625 0.0609375
1 0.7203125 0.078125 0.025 0.0375