2 0.425 0.50625 0.0875 0.0625
2 0.5546875 0.8625 0.0828125 0.090625
2 0.915625 0.9515625 0.0609375 0.084375
2 0.25625 0.1625 0.0859375 0.0875
2 0.1828125 0.190625 0.084375 0.0828125
2 0.1859375 0.4515625 0.109375 0.078125
2 0.2875 0.45 0.0671875 0.10625
2 0.36875 0.48125 0.0765625 0.065625
2 0.3796875 0.690625 0.0828125 0.0546875
2 0.4046875 0.8375 0.0765625 0.0796875
2 0.9140625 0.646875 0.10625 0.0703125
2 0.1984375 0.3734375 0.090625 0.0765625
2 0.078125 0.525 0.0796875 0.0796875
2 0.325 0.246875 0.0953125 0.084375
2 0.1078125 0.4734375 0.0578125 0.115625
1 0.0875 0.5296875 0.028125 0.03125
0 0.271875 0.45 0.0359375 0.040625
0 0.184375 0.4484375 0.040625 0.0390625
0 0.19375 0.36875 0.053125 0.0328125
1 0.1875 0.203125 0.03125 0.0375
1 0.2484375 0.1625 0.0296875 0.03125
0 0.328125 0.2328125 0.0421875 0.03125
0 0.3796875 0.4828125 0.034375 0.0296875
0 0.43125 0.51875 0.03125 0.040625
1 0.378125 0.6828125 0.034375 0.034375
0 0.9015625 0.653125 0.04375 0.040625
0 0.5546875 0.86875 0.046875 0.046875
0 0.9296875 0.965625 0.034375 0.034375