2 0.6625 0.065625 0.0640625 0.1109375
2 0.6171875 0.246875 0.1203125 0.0703125
2 0.5828125 0.359375 0.0640625 0.121875
2 0.375 0.7640625 0.0796875 0.0703125
2 0.3046875 0.596875 0.0625 0.0890625
2 0.11875 0.81875 0.0765625 0.0890625
2 0.3265625 0.73125 0.06875 0.04375
2 0.5265625 0.2 0.0875 0.078125
2 0.5921875 0.103125 0.096875 0.0703125
2 0.5640625 0.278125 0.0765625 0.0734375
2 0.6734375 0.16875 0.090625 0.0796875
2 0.3921875 0.2359375 0.0875 0.0796875
1 0.1140625 0.8203125 0.0265625 0.0390625
1 0.3 0.5890625 0.0359375 0.0375
1 0.328125 0.7390625 0.0359375 0.034375
1 0.3671875 0.765625 0.028125 0.0390625
1 0.559375 0.3546875 0.034375 0.03125
1 0.6265625 0.240625 0.034375 0.046875
1 0.5296875 0.1890625 0.025 0.0421875
1 0.678125 0.1703125 0.0390625 0.0390625
1 0.5953125 0.0921875 0.034375 0.0421875
1 0.6890625 0.065625 0.046875 0.03125
2 0.6453125 0.1015625 0.078125 0.05625
1 0.6421875 0.1015625 0.03125 0.0328125
1 0.58125 0.2671875 0.0328125 0.0328125
2 0.7140625 0.1796875 0.071875 0.0546875
1 0.7171875 0.16875 0.0359375 0.0359375