2 0.19375 0.5171875 0.103125 0.125
2 0.4671875 0.6125 0.1296875 0.078125
2 0.6234375 0.5609375 0.065625 0.0953125
2 0.45 0.9015625 0.109375 0.075
2 0.396875 0.9640625 0.090625 0.0671875
2 0.30625 0.95 0.121875 0.0625
2 0.2546875 0.959375 0.059375 0.078125
2 0.3734375 0.2 0.084375 0.0875
2 0.4671875 0.1296875 0.0984375 0.084375
2 0.596875 0.0859375 0.09375 0.1234375
2 0.865625 0.5953125 0.096875 0.0828125
0 0.46875 0.6 0.0296875 0.0390625
0 0.2125 0.5203125 0.0546875 0.0453125
0 0.4390625 0.8984375 0.034375 0.0390625
0 0.3796875 0.959375 0.0453125 0.0296875
1 0.30625 0.934375 0.03125 0.034375
1 0.26875 0.971875 0.0328125 0.0265625
1 0.3796875 0.1984375 0.0296875 0.0328125
2 0.425 0.1890625 0.0734375 0.0984375
1 0.4171875 0.1875 0.034375 0.0328125
0 0.5921875 0.09375 0.0328125 0.040625
2 0.3984375 0.521875 0.071875 0.0734375
2 0.5109375 0.4140625 0.06875 0.065625
2 0.98125 0.4296875 0.0328125 0.078125
2 0.5640625 0.5984375 0.078125 0.075