2 0.090625 0.359375 0.121875 0.1265625
2 0.1328125 0.2921875 0.1234375 0.0875
2 0.228125 0.3671875 0.115625 0.1484375
2 0.1734375 0.4578125 0.1515625 0.1609375
2 0.409375 0.2046875 0.1359375 0.1703125
2 0.3625 0.403125 0.15625 0.128125
2 0.4265625 0.4078125 0.1375 0.16875
2 0.5390625 0.471875 0.15625 0.1484375
2 0.6921875 0.4796875 0.1453125 0.15
2 0.3 0.6875 0.1328125 0.1671875
2 0.4484375 0.8296875 0.1265625 0.14375
2 0.73125 0.6953125 0.1234375 0.1296875
2 0.7546875 0.815625 0.13125 0.13125
1 0.76875 0.8078125 0.040625 0.046875
1 0.7234375 0.703125 0.0390625 0.046875
1 0.4125 0.81875 0.040625 0.0421875
1 0.3109375 0.696875 0.05625 0.0375
0 0.721875 0.4984375 0.0515625 0.0640625
0 0.5359375 0.478125 0.065625 0.0515625
0 0.4125 0.409375 0.0515625 0.04375
0 0.3578125 0.3859375 0.0484375 0.0546875
0 0.171875 0.4515625 0.0609375 0.05625
1 0.2140625 0.3671875 0.046875 0.04375
0 0.384375 0.20625 0.053125 0.0484375
1 0.5765625 0.153125 0.0359375 0.0390625
1 0.071875 0.3625 0.0421875 0.0359375