2 0.3859375 0.2640625 0.0640625 0.0609375
2 0.55625 0.3609375 0.0765625 0.0671875
2 0.496875 0.525 0.0953125 0.0515625
2 0.7265625 0.7765625 0.0859375 0.065625
2 0.325 0.734375 0.0796875 0.0578125
2 0.359375 0.434375 0.0484375 0.06875
2 0.3015625 0.246875 0.0546875 0.0640625
2 0.2546875 0.2484375 0.059375 0.0546875
2 0.271875 0.4703125 0.0671875 0.0625
2 0.296875 0.453125 0.0578125 0.05625
2 0.2734375 0.7125 0.0515625 0.0640625
2 0.5046875 0.3984375 0.0546875 0.059375
2 0.86875 0.9640625 0.059375 0.0578125
1 0.728125 0.76875 0.025 0.034375
1 0.8625 0.9625 0.0203125 0.03125
0 0.3078125 0.71875 0.028125 0.040625
0 0.290625 0.71875 0.03125 0.0296875
0 0.503125 0.5125 0.0265625 0.040625
0 0.5515625 0.3640625 0.03125 0.0359375
0 0.509375 0.3890625 0.0328125 0.0265625
1 0.2953125 0.2421875 0.021875 0.028125
1 0.2484375 0.23125 0.0265625 0.0265625
0 0.3078125 0.45 0.0328125 0.0265625
1 0.2625 0.48125 0.03125 0.03125
1 0.3765625 0.259375 0.028125 0.03125
2 0.528125 0.559375 0.0484375 0.0359375
1 0.5171875 0.5625 0.0265625 0.028125