2 0.1 0.509375 0.146875 0.0953125
2 0.0671875 0.678125 0.1203125 0.15
2 0.196875 0.678125 0.1546875 0.128125
2 0.7265625 0.3375 0.2046875 0.140625
2 0.8125 0.29375 0.1859375 0.1328125
2 0.8859375 0.2390625 0.1796875 0.11875
2 0.29375 0.4859375 0.1671875 0.1609375
2 0.4234375 0.5109375 0.1171875 0.1734375
2 0.2375 0.765625 0.23125 0.109375
0 0.8890625 0.215625 0.0796875 0.06875
0 0.815625 0.3125 0.08125 0.13125
1 0.3953125 0.4875 0.065625 0.0796875
0 0.3359375 0.490625 0.0921875 0.0859375
0 0.053125 0.490625 0.0796875 0.0625
0 0.0734375 0.7046875 0.1109375 0.1015625
0 0.1671875 0.709375 0.0640625 0.071875
0 0.246875 0.7546875 0.06875 0.0984375