2 0.7984375 0.4109375 0.084375 0.0875
2 0.3875 0.5109375 0.0546875 0.084375
2 0.321875 0.59375 0.059375 0.0921875
2 0.103125 0.8421875 0.08125 0.0859375
2 0.5734375 0.0453125 0.08125 0.071875
2 0.496875 0.053125 0.0828125 0.1
2 0.1015625 0.4265625 0.096875 0.0578125
2 0.0671875 0.3765625 0.0859375 0.0546875
0 0.0859375 0.84375 0.0375 0.0265625
0 0.803125 0.4125 0.034375 0.0359375
1 0.3328125 0.5953125 0.034375 0.0296875
1 0.4015625 0.503125 0.025 0.028125
1 0.0984375 0.4421875 0.0265625 0.0296875
1 0.5703125 0.0578125 0.0265625 0.0359375
0 0.4859375 0.0515625 0.0484375 0.0375
0 0.084375 0.3953125 0.028125 0.028125