2 0.0546875 0.2484375 0.0890625 0.0546875
2 0.346875 0.6328125 0.10625 0.075
2 0.1890625 0.575 0.1109375 0.0734375
2 0.9171875 0.7640625 0.0765625 0.0734375
2 0.8890625 0.715625 0.06875 0.075
2 0.234375 0.6375 0.0640625 0.0875
2 0.5453125 0.5859375 0.0703125 0.059375
2 0.3171875 0.221875 0.0484375 0.0578125
2 0.4203125 0.10625 0.0578125 0.0671875
2 0.4734375 0.325 0.1 0.0515625
1 0.053125 0.234375 0.028125 0.0296875
0 0.1921875 0.5578125 0.034375 0.04375
0 0.2484375 0.640625 0.0390625 0.0359375
0 0.346875 0.653125 0.0359375 0.0390625
1 0.9046875 0.73125 0.034375 0.0359375
1 0.928125 0.7640625 0.03125 0.034375
2 0.2171875 0.6234375 0.040625 0.075
1 0.209375 0.6171875 0.025 0.0265625