2 0.7578125 0.2859375 0.0625 0.06875
2 0.43125 0.0515625 0.075 0.075
2 0.1703125 0.74375 0.05625 0.0796875
2 0.246875 0.346875 0.06875 0.0609375
2 0.753125 0.35625 0.0609375 0.06875
2 0.865625 0.046875 0.065625 0.0578125
2 0.2859375 0.4234375 0.0671875 0.06875
2 0.3140625 0.328125 0.0765625 0.0546875
2 0.6390625 0.6328125 0.05625 0.046875
2 0.2015625 0.6578125 0.05625 0.05625
2 0.41875 0.7015625 0.053125 0.075
2 0.2171875 0.4390625 0.05 0.0703125
2 0.26875 0.55625 0.0515625 0.09375
2 0.84375 0.2515625 0.0671875 0.059375
2 0.6609375 0.4640625 0.0578125 0.0765625
2 0.715625 0.475 0.065625 0.05625
2 0.634375 0.109375 0.0625 0.059375
2 0.240625 0.8703125 0.0625 0.0796875
2 0.8390625 0.375 0.0578125 0.0625
2 0.4796875 0.7609375 0.0671875 0.0734375
2 0.328125 0.8453125 0.0765625 0.078125
2 0.0890625 0.7453125 0.075 0.0609375
2 0.2953125 0.7140625 0.0625 0.059375
2 0.86875 0.31875 0.0484375 0.0515625
2 0.459375 0.246875 0.053125 0.0546875
2 0.475 0.3265625 0.0484375 0.0546875
2 0.8140625 0.178125 0.0578125 0.05625
2 0.634375 0.196875 0.071875 0.0609375
2 0.4609375 0.8046875 0.0515625 0.0515625
2 0.4328125 0.3171875 0.0453125 0.05625
2 0.4875 0.559375 0.053125 0.040625
2 0.4375 0.45625 0.0578125 0.0796875
2 0.5578125 0.5203125 0.0578125 0.059375
2 0.125 0.4171875 0.059375 0.06875
2 0.4265625 0.6328125 0.0515625 0.05
2 0.096875 0.7 0.0703125 0.053125
2 0.5734375 0.659375 0.0546875 0.05625
2 0.325 0.5671875 0.0609375 0.071875
2 0.5859375 0.24375 0.05 0.0578125
2 0.7125 0.5203125 0.0546875 0.059375
2 0.6421875 0.5046875 0.04375 0.0609375
2 0.4125 0.55625 0.065625 0.0609375
2 0.25 0.7140625 0.053125 0.075
2 0.590625 0.6125 0.046875 0.046875
2 0.471875 0.3984375 0.0671875 0.0453125
2 0.471875 0.6875 0.0484375 0.0625
2 0.615625 0.3140625 0.05625 0.0546875
2 0.5328125 0.459375 0.0484375 0.0640625
2 0.5296875 0.21875 0.059375 0.059375
2 0.5015625 0.2375 0.04375 0.05625
2 0.7375 0.20625 0.0328125 0.0671875
2 0.7765625 0.1765625 0.0546875 0.0421875
2 0.88125 0.1640625 0.0390625 0.059375
2 0.840625 0.153125 0.065625 0.0515625
2 0.6984375 0.071875 0.053125 0.0484375
2 0.628125 0.1421875 0.0546875 0.04375
2 0.6578125 0.1703125 0.0546875 0.0578125
2 0.759375 0.1265625 0.0703125 0.0484375
2 0.7765625 0.0640625 0.0609375 0.046875
2 0.8265625 0.0421875 0.0375 0.071875
2 0.6375 0.2875 0.0453125 0.0515625
2 0.8328125 0.29375 0.059375 0.0515625
2 0.578125 0.3421875 0.059375 0.0390625
2 0.5375 0.3375 0.0484375 0.05625
2 0.68125 0.5765625 0.040625 0.04375
2 0.578125 0.4078125 0.05 0.0421875
2 0.5859375 0.471875 0.05625 0.0375
2 0.50625 0.5203125 0.0421875 0.059375
2 0.375 0.5703125 0.0359375 0.05625
2 0.325 0.6296875 0.053125 0.05625
2 0.2921875 0.4625 0.0546875 0.0484375
2 0.3453125 0.3546875 0.059375 0.040625
2 0.3359375 0.38125 0.065625 0.040625
2 0.3453125 0.4171875 0.0546875 0.04375
2 0.3640625 0.4640625 0.0625 0.0484375
2 0.396875 0.4265625 0.053125 0.05625
2 0.4125 0.4859375 0.05625 0.0515625
2 0.3375 0.8109375 0.05625 0.0671875
2 0.384375 0.8328125 0.05 0.059375
2 0.4140625 0.815625 0.0453125 0.0640625
2 0.5640625 0.725 0.0671875 0.059375
2 0.640625 0.6828125 0.0578125 0.0578125
2 0.6703125 0.6203125 0.0484375 0.05
2 0.725 0.575 0.0453125 0.0484375
2 0.7625 0.5171875 0.0453125 0.0234375
2 0.775 0.4671875 0.0421875 0.05
2 0.534375 0.7671875 0.0640625 0.053125
2 0.5953125 0.7140625 0.0546875 0.0421875
2 0.5203125 0.7265625 0.05 0.03125
2 0.28125 0.86875 0.059375 0.053125
2 0.121875 0.90625 0.0703125 0.05
2 0.0609375 0.9015625 0.0671875 0.0625
2 0.040625 0.7234375 0.0421875 0.05625
2 0.1640625 0.6453125 0.0578125 0.0671875
2 0.58125 0.2828125 0.0515625 0.0390625