2 0.3703125 0.5859375 0.075 0.084375
2 0.4078125 0.409375 0.059375 0.071875
2 0.359375 0.84375 0.0828125 0.0546875
2 0.2046875 0.6359375 0.05 0.0625
2 0.590625 0.3546875 0.046875 0.06875
2 0.8734375 0.3578125 0.0515625 0.0546875
2 0.6390625 0.209375 0.0609375 0.040625
2 0.896875 0.4421875 0.0484375 0.04375
2 0.4296875 0.3078125 0.03125 0.0578125
2 0.8140625 0.31875 0.0390625 0.04375
0 0.3828125 0.5796875 0.034375 0.034375
0 0.5890625 0.365625 0.025 0.03125
0 0.6546875 0.2125 0.0375 0.025
0 0.871875 0.3453125 0.025 0.03125
0 0.909375 0.4484375 0.025 0.0328125
1 0.8109375 0.3078125 0.0203125 0.025
1 0.4125 0.4046875 0.0203125 0.0203125
0 0.4296875 0.296875 0.0234375 0.028125
0 0.3671875 0.83125 0.0265625 0.03125