2 0.696875 0.66875 0.0765625 0.071875
2 0.1046875 0.8234375 0.078125 0.0765625
2 0.4609375 0.409375 0.0953125 0.0625
2 0.5609375 0.33125 0.0765625 0.0734375
2 0.5203125 0.5953125 0.08125 0.075
2 0.6484375 0.4875 0.0609375 0.0703125
2 0.61875 0.4359375 0.065625 0.0796875
2 0.6375 0.1734375 0.0671875 0.0734375
2 0.3984375 0.590625 0.0515625 0.06875
2 0.4375 0.5515625 0.0546875 0.053125
2 0.5078125 0.525 0.0921875 0.071875
1 0.6890625 0.6609375 0.021875 0.0265625
0 0.5109375 0.6 0.0234375 0.03125
1 0.403125 0.584375 0.0234375 0.0265625
1 0.459375 0.421875 0.0265625 0.0265625
1 0.61875 0.4359375 0.0265625 0.0265625
0 0.6296875 0.484375 0.0359375 0.0375
1 0.5609375 0.328125 0.0234375 0.0265625
0 0.615625 0.1640625 0.0296875 0.025