2 0.2015625 0.490625 0.10625 0.096875
2 0.4765625 0.6765625 0.090625 0.09375
2 0.3921875 0.7125 0.0953125 0.140625
2 0.3359375 0.6171875 0.1140625 0.1
2 0.1 0.3859375 0.096875 0.090625
2 0.5046875 0.465625 0.1515625 0.0953125
2 0.771875 0.6109375 0.134375 0.1015625
2 0.2546875 0.228125 0.0890625 0.0921875
2 0.3625 0.259375 0.075 0.1296875
2 0.528125 0.3015625 0.0765625 0.134375
2 0.5734375 0.4078125 0.09375 0.0859375
2 0.621875 0.3171875 0.0953125 0.0921875
2 0.7109375 0.1890625 0.1140625 0.0953125
2 0.6484375 0.21875 0.078125 0.1171875
2 0.4265625 0.265625 0.0578125 0.1265625
2 0.478125 0.2296875 0.0640625 0.0828125
2 0.5671875 0.2375 0.0765625 0.06875
0 0.378125 0.7125 0.05 0.046875
0 0.4875 0.6578125 0.0421875 0.059375
0 0.7625 0.603125 0.04375 0.0578125
0 0.5078125 0.48125 0.04375 0.0578125
0 0.2125 0.471875 0.0578125 0.0625
1 0.325 0.6375 0.05 0.05
0 0.565625 0.3953125 0.05 0.05625
1 0.6890625 0.196875 0.0390625 0.0359375
0 0.6 0.3015625 0.0484375 0.05625
0 0.5265625 0.3 0.0765625 0.134375
0 0.6578125 0.2109375 0.046875 0.0421875
0 0.4796875 0.221875 0.0390625 0.046875
1 0.4125 0.2625 0.0421875 0.0359375
0 0.3484375 0.2578125 0.0578125 0.0578125
0 0.26875 0.228125 0.0453125 0.0484375
1 0.5640625 0.25625 0.0390625 0.0390625
1 0.1109375 0.39375 0.0421875 0.040625