2 0.4734375 0.39375 0.0765625 0.071875
2 0.85625 0.20625 0.0859375 0.0671875
2 0.2265625 0.9359375 0.0703125 0.0734375
2 0.39375 0.6765625 0.1 0.0671875
2 0.325 0.7796875 0.0703125 0.071875
2 0.465625 0.9828125 0.0625 0.03125
2 0.6703125 0.4796875 0.0734375 0.0859375
2 0.825 0.4796875 0.0484375 0.06875
2 0.921875 0.5625 0.0546875 0.05
2 0.871875 0.621875 0.0703125 0.05
1 0.2203125 0.9328125 0.0234375 0.0265625
1 0.4578125 0.9875 0.0234375 0.0203125
0 0.3328125 0.7765625 0.028125 0.03125
0 0.4 0.68125 0.028125 0.0265625
1 0.475 0.39375 0.0265625 0.0265625
1 0.865625 0.2 0.021875 0.0328125
2 0.8671875 0.5765625 0.090625 0.05
1 0.9140625 0.5625 0.025 0.0234375