2 0.7671875 0.825 0.0703125 0.0640625
2 0.490625 0.84375 0.075 0.08125
2 0.3640625 0.659375 0.0625 0.0796875
2 0.4453125 0.34375 0.0640625 0.0890625
2 0.428125 0.675 0.065625 0.084375
2 0.60625 0.50625 0.078125 0.05625
2 0.14375 0.7078125 0.059375 0.059375
2 0.31875 0.9609375 0.0640625 0.0578125
2 0.1375 0.446875 0.0625 0.0828125
2 0.2046875 0.4390625 0.0546875 0.0921875
2 0.1265625 0.3484375 0.059375 0.0765625
2 0.096875 0.403125 0.06875 0.065625
2 0.321875 0.51875 0.0578125 0.059375
2 0.175 0.215625 0.0625 0.075
2 0.1171875 0.1953125 0.0484375 0.0453125
1 0.49375 0.840625 0.0328125 0.028125
1 0.315625 0.9703125 0.025 0.028125
0 0.36875 0.6484375 0.0265625 0.034375
0 0.4390625 0.675 0.0359375 0.03125
1 0.7703125 0.83125 0.021875 0.021875
0 0.4359375 0.3546875 0.0390625 0.028125
0 0.134375 0.3703125 0.0265625 0.0375
0 0.0859375 0.41875 0.025 0.0390625
1 0.153125 0.4375 0.028125 0.028125
1 0.20625 0.4421875 0.0296875 0.028125
1 0.1609375 0.2171875 0.03125 0.0265625