2 0.6234375 0.7203125 0.065625 0.075
2 0.4953125 0.65 0.0640625 0.0609375
2 0.7609375 0.7890625 0.0515625 0.0578125
2 0.490625 0.1078125 0.0671875 0.065625
2 0.8546875 0.778125 0.0671875 0.065625
2 0.571875 0.125 0.065625 0.0625
2 0.4359375 0.378125 0.053125 0.0625
2 0.9453125 0.6890625 0.053125 0.071875
2 0.8171875 0.7125 0.06875 0.065625
2 0.328125 0.375 0.053125 0.05625
2 0.6078125 0.5765625 0.0640625 0.0625
2 0.3703125 0.553125 0.065625 0.04375
2 0.915625 0.8078125 0.05625 0.0703125
2 0.540625 0.459375 0.0796875 0.053125
2 0.703125 0.446875 0.059375 0.065625
2 0.3640625 0.2 0.034375 0.05
2 0.21875 0.2546875 0.065625 0.059375
2 0.5296875 0.2203125 0.0625 0.0796875
2 0.615625 0.5171875 0.0609375 0.0515625
2 0.5703125 0.3625 0.05 0.078125
2 0.5640625 0.2453125 0.0703125 0.0703125
2 0.6625 0.6671875 0.0671875 0.0515625
2 0.8875 0.70625 0.0453125 0.06875
2 0.5796875 0.0484375 0.06875 0.0421875
2 0.2734375 0.3828125 0.0640625 0.03125
2 0.2328125 0.16875 0.0671875 0.0515625
2 0.45625 0.2609375 0.059375 0.05
2 0.28125 0.3171875 0.059375 0.065625
2 0.5359375 0.5578125 0.046875 0.0625
2 0.71875 0.7796875 0.059375 0.046875
2 0.96875 0.76875 0.0546875 0.053125
2 0.5171875 0.525 0.0515625 0.059375
2 0.25 0.303125 0.05625 0.04375
2 0.8796875 0.6265625 0.059375 0.0484375
2 0.9234375 0.4984375 0.053125 0.065625
2 0.95625 0.459375 0.0625 0.04375
2 0.8203125 0.51875 0.0609375 0.0421875
2 0.9 0.59375 0.05 0.046875
2 0.934375 0.6171875 0.0375 0.0546875
2 0.8234375 0.8203125 0.0671875 0.03125
2 0.6890625 0.7640625 0.053125 0.0328125
2 0.5921875 0.7234375 0.040625 0.0640625
2 0.4671875 0.634375 0.0515625 0.0484375
2 0.4328125 0.603125 0.04375 0.046875
2 0.4046875 0.590625 0.053125 0.053125
2 0.6484375 0.3828125 0.065625 0.0609375
2 0.640625 0.4171875 0.0609375 0.0453125
2 0.46875 0.4015625 0.046875 0.0609375
2 0.3953125 0.1765625 0.0484375 0.0578125
2 0.2359375 0.346875 0.0546875 0.0578125
2 0.325 0.4234375 0.0453125 0.046875
2 0.2953125 0.4234375 0.0546875 0.034375
2 0.51875 0.4078125 0.0640625 0.040625
2 0.5140625 0.4421875 0.053125 0.040625
2 0.196875 0.1859375 0.034375 0.0453125