2 0.3015625 0.1171875 0.1140625 0.109375
2 0.7109375 0.8328125 0.18125 0.096875
2 0.640625 0.5015625 0.090625 0.115625
2 0.83125 0.44375 0.1328125 0.0734375
2 0.8859375 0.5484375 0.1015625 0.15625
2 0.740625 0.521875 0.1203125 0.0796875
2 0.6375 0.6046875 0.1015625 0.11875
2 0.6453125 0.7640625 0.0984375 0.13125
2 0.8015625 0.5265625 0.1078125 0.0921875
2 0.284375 0.7625 0.0875 0.0984375
2 0.3265625 0.8703125 0.121875 0.1140625
2 0.3953125 0.9125 0.1109375 0.096875
0 0.2984375 0.11875 0.0640625 0.0609375
0 0.6546875 0.5046875 0.059375 0.046875
0 0.896875 0.546875 0.06875 0.0578125
1 0.7390625 0.5421875 0.0390625 0.05625
1 0.809375 0.5125 0.046875 0.0609375
1 0.8359375 0.465625 0.0484375 0.0515625
0 0.6234375 0.5828125 0.0578125 0.0484375
0 0.659375 0.7671875 0.059375 0.0484375
0 0.7140625 0.859375 0.0546875 0.0640625
0 0.390625 0.9109375 0.0578125 0.0546875
0 0.3296875 0.8625 0.0640625 0.0546875
0 0.2625 0.7828125 0.0484375 0.053125