2 0.9375 0.7328125 0.04375 0.0546875
2 0.6859375 0.6359375 0.05625 0.046875
2 0.75 0.56875 0.053125 0.040625
2 0.5796875 0.5171875 0.0546875 0.0421875
2 0.4078125 0.5703125 0.040625 0.05
2 0.36875 0.6 0.0484375 0.04375
2 0.5328125 0.359375 0.065625 0.0609375
2 0.653125 0.340625 0.059375 0.040625
2 0.309375 0.334375 0.0453125 0.0296875
2 0.346875 0.35 0.040625 0.0359375
2 0.30625 0.39375 0.053125 0.046875
2 0.3109375 0.446875 0.0484375 0.0390625
2 0.2875 0.4859375 0.040625 0.0484375
2 0.2125 0.35625 0.0578125 0.059375
2 0.190625 0.3078125 0.0390625 0.0515625
2 0.325 0.2265625 0.0515625 0.0484375
2 0.44375 0.16875 0.034375 0.0453125
2 0.525 0.2203125 0.040625 0.025
2 0.5546875 0.121875 0.0453125 0.034375
2 0.540625 0.25625 0.0328125 0.034375
2 0.159375 0.2 0.0296875 0.053125