2 0.1296875 0.2140625 0.125 0.0765625
2 0.4875 0.190625 0.0671875 0.0796875
2 0.484375 0.2671875 0.09375 0.0984375
2 0.60625 0.2546875 0.0953125 0.08125
2 0.4546875 0.484375 0.10625 0.090625
2 0.5328125 0.515625 0.053125 0.1390625
2 0.10625 0.7984375 0.0765625 0.103125
2 0.58125 0.6578125 0.0421875 0.090625
2 0.540625 0.6765625 0.05625 0.071875
2 0.2640625 0.253125 0.1109375 0.1015625
2 0.625 0.1765625 0.096875 0.0640625
2 0.5671875 0.80625 0.065625 0.0890625
0 0.1203125 0.7921875 0.034375 0.0328125
1 0.446875 0.484375 0.03125 0.0359375
1 0.4859375 0.2625 0.0359375 0.0359375
0 0.2703125 0.2515625 0.0515625 0.0390625
0 0.13125 0.2359375 0.0359375 0.0390625