2 0.2328125 0.4390625 0.1015625 0.1234375
2 0.640625 0.8078125 0.146875 0.1421875
2 0.871875 0.5125 0.1328125 0.134375
2 0.915625 0.284375 0.125 0.1046875
2 0.7078125 0.1640625 0.1015625 0.0890625
2 0.071875 0.2703125 0.10625 0.0734375
2 0.1265625 0.2171875 0.0859375 0.096875
2 0.1984375 0.1921875 0.0703125 0.0921875
0 0.6421875 0.8109375 0.0609375 0.0578125
1 0.728125 0.153125 0.046875 0.0359375
1 0.8734375 0.4953125 0.04375 0.034375
1 0.925 0.2671875 0.0359375 0.0390625
1 0.8984375 0.1828125 0.04375 0.0453125