2 0.1515625 0.55625 0.08125 0.128125
2 0.21875 0.715625 0.0703125 0.0890625
2 0.13125 0.8109375 0.0828125 0.084375
2 0.3671875 0.5 0.096875 0.0796875
2 0.3984375 0.4 0.0921875 0.06875
2 0.5203125 0.284375 0.0703125 0.1046875
2 0.4375 0.3109375 0.0515625 0.065625
2 0.5078125 0.5234375 0.1265625 0.078125
2 0.6125 0.503125 0.084375 0.0859375
2 0.715625 0.4 0.0609375 0.078125
2 0.85 0.4203125 0.0921875 0.0609375
0 0.1109375 0.8234375 0.0484375 0.0390625
0 0.171875 0.55 0.0453125 0.04375
0 0.375 0.521875 0.0390625 0.05
0 0.5046875 0.4984375 0.0390625 0.040625
0 0.6 0.51875 0.0390625 0.040625
0 0.709375 0.4125 0.034375 0.046875
0 0.428125 0.2953125 0.040625 0.0375
1 0.5328125 0.278125 0.0359375 0.046875
1 0.40625 0.403125 0.0296875 0.034375
1 0.2140625 0.703125 0.0328125 0.028125