2 0.890625 0.7296875 0.096875 0.065625
2 0.0625 0.5875 0.0984375 0.053125
2 0.3953125 0.953125 0.0484375 0.059375
2 0.115625 0.5109375 0.096875 0.053125
2 0.4765625 0.1421875 0.078125 0.0625
0 0.46875 0.159375 0.028125 0.0375
1 0.059375 0.578125 0.028125 0.0265625
0 0.390625 0.965625 0.0234375 0.0265625
2 0.709375 0.94375 0.046875 0.06875
2 0.478125 0.921875 0.06875 0.0546875
2 0.31875 0.4203125 0.0625 0.0875
0 0.3234375 0.425 0.0296875 0.03125
2 0.590625 0.4375 0.0578125 0.0296875
0 0.609375 0.4421875 0.0265625 0.0171875
1 0.89375 0.7453125 0.0359375 0.034375