2 0.265625 0.953125 0.065625 0.0625
2 0.4859375 0.49375 0.0671875 0.0859375
2 0.8640625 0.2609375 0.0578125 0.071875
2 0.6375 0.2953125 0.0703125 0.0671875
2 0.6921875 0.3703125 0.0515625 0.046875
2 0.7984375 0.5015625 0.04375 0.053125
2 0.3953125 0.446875 0.065625 0.065625
2 0.8515625 0.30625 0.0484375 0.0328125
0 0.69375 0.3671875 0.0296875 0.021875
0 0.8734375 0.2671875 0.03125 0.025
1 0.4 0.4453125 0.0203125 0.021875
1 0.49375 0.49375 0.0265625 0.021875
1 0.7921875 0.5125 0.025 0.0234375
1 0.6375 0.2921875 0.021875 0.021875
0 0.2640625 0.959375 0.025 0.0234375