2 0.053125 0.4828125 0.090625 0.0765625
2 0.1828125 0.4890625 0.0953125 0.084375
2 0.4984375 0.284375 0.0875 0.0875
2 0.653125 0.2625 0.103125 0.071875
2 0.41875 0.4484375 0.1015625 0.0703125
2 0.2375 0.321875 0.1171875 0.065625
2 0.2875 0.5890625 0.0890625 0.090625
2 0.3828125 0.6515625 0.1046875 0.08125
2 0.95 0.5546875 0.071875 0.1015625
2 0.9578125 0.6125 0.078125 0.059375
2 0.7484375 0.653125 0.0609375 0.06875
2 0.7 0.6703125 0.0703125 0.0734375
2 0.659375 0.6546875 0.0703125 0.1203125
2 0.540625 0.471875 0.071875 0.084375
2 0.603125 0.434375 0.0609375 0.0625
2 0.71875 0.365625 0.06875 0.075
1 0.0515625 0.478125 0.028125 0.0359375
1 0.178125 0.4796875 0.028125 0.021875
1 0.2328125 0.3109375 0.028125 0.0390625
1 0.4859375 0.2875 0.0265625 0.03125
0 0.41875 0.4609375 0.0296875 0.0421875
1 0.271875 0.6 0.028125 0.03125
1 0.3609375 0.6671875 0.0265625 0.0328125
1 0.9375 0.553125 0.028125 0.0375