2 0.421875 0.5484375 0.078125 0.08125
2 0.553125 0.484375 0.0875 0.06875
2 0.2921875 0.4265625 0.071875 0.0828125
2 0.0359375 0.6859375 0.059375 0.1
2 0.584375 0.6890625 0.0796875 0.065625
2 0.2625 0.6953125 0.0703125 0.0515625
2 0.1359375 0.509375 0.0734375 0.0625
2 0.1484375 0.5625 0.0734375 0.0484375
2 0.5578125 0.221875 0.0609375 0.0703125
2 0.4796875 0.2 0.0640625 0.0671875
2 0.109375 0.89375 0.0640625 0.071875
2 0.209375 0.7203125 0.0578125 0.0546875
2 0.6390625 0.5109375 0.0609375 0.0515625
2 0.4359375 0.134375 0.0546875 0.0625
2 0.6328125 0.2453125 0.05 0.059375
2 0.584375 0.2796875 0.05 0.040625
2 0.4625 0.44375 0.06875 0.040625
2 0.496875 0.2578125 0.0546875 0.046875
2 0.515625 0.33125 0.04375 0.04375
0 0.0953125 0.90625 0.034375 0.0203125
1 0.2640625 0.6984375 0.025 0.0234375
1 0.20625 0.7203125 0.021875 0.0203125
0 0.028125 0.6859375 0.034375 0.028125
0 0.421875 0.5546875 0.0390625 0.0328125
0 0.1625 0.5703125 0.025 0.028125
0 0.1328125 0.5171875 0.028125 0.0296875
1 0.6375 0.51875 0.021875 0.021875
0 0.55 0.490625 0.025 0.0328125
2 0.5359375 0.228125 0.03125 0.0421875