2 0.7015625 0.2984375 0.071875 0.0953125
2 0.784375 0.35 0.05625 0.0765625
2 0.81875 0.2671875 0.084375 0.0625
2 0.0734375 0.6359375 0.05 0.0609375
2 0.1046875 0.5578125 0.0796875 0.0625
2 0.659375 0.084375 0.0828125 0.0640625
2 0.5734375 0.2640625 0.078125 0.0734375
2 0.7421875 0.221875 0.084375 0.0828125
2 0.20625 0.4265625 0.0671875 0.05
2 0.30625 0.4046875 0.065625 0.0703125
2 0.4359375 0.25 0.0578125 0.075
2 0.6265625 0.2625 0.075 0.090625
2 0.1 0.4140625 0.065625 0.0359375
2 0.3890625 0.4015625 0.0671875 0.0640625
2 0.2234375 0.46875 0.0484375 0.0578125
2 0.2375 0.3796875 0.0703125 0.0890625
2 0.3359375 0.3140625 0.04375 0.059375
2 0.290625 0.4765625 0.059375 0.059375
1 0.6546875 0.09375 0.0359375 0.0359375
1 0.828125 0.26875 0.0359375 0.034375
1 0.79375 0.3265625 0.0296875 0.03125
1 0.715625 0.3 0.0421875 0.03125
1 0.4359375 0.2546875 0.0359375 0.034375
1 0.50625 0.0265625 0.0390625 0.028125
1 0.346875 0.29375 0.0265625 0.0359375
1 0.3875 0.3953125 0.0359375 0.0359375
1 0.3109375 0.3953125 0.03125 0.0359375
0 0.2828125 0.465625 0.034375 0.0390625
1 0.215625 0.4234375 0.028125 0.0265625
1 0.225 0.4546875 0.0296875 0.028125
0 0.1109375 0.4109375 0.0421875 0.0328125
1 0.078125 0.6203125 0.034375 0.0359375
1 0.7265625 0.2171875 0.0328125 0.034375
1 0.1078125 0.5515625 0.034375 0.0328125