1 0.046875 0.7328125 0.021875 0.0265625
0 0.3640625 0.7171875 0.028125 0.025
0 0.490625 0.278125 0.025 0.025
1 0.48125 0.6359375 0.0203125 0.025
1 0.4125 0.5359375 0.0203125 0.021875
0 0.6703125 0.478125 0.025 0.0296875
1 0.5359375 0.6015625 0.0203125 0.0234375
1 0.7515625 0.46875 0.0234375 0.025
1 0.8265625 0.3890625 0.0265625 0.028125
0 0.8640625 0.4484375 0.0234375 0.0328125
1 0.8484375 0.5 0.0265625 0.0234375
1 0.896875 0.4921875 0.0265625 0.0234375
0 0.9703125 0.46875 0.0234375 0.028125
1 0.5671875 0.290625 0.021875 0.021875
1 0.59375 0.2640625 0.0265625 0.025
1 0.9671875 0.55 0.01875 0.0234375
0 0.8484375 0.3546875 0.0328125 0.025
2 0.0484375 0.7171875 0.0953125 0.06875
2 0.365625 0.7109375 0.0765625 0.071875
2 0.4296875 0.534375 0.053125 0.0875
2 0.4859375 0.6328125 0.0703125 0.0703125
2 0.540625 0.5984375 0.065625 0.0578125
2 0.49375 0.284375 0.0859375 0.065625
2 0.5765625 0.2515625 0.053125 0.05625
2 0.578125 0.3 0.0734375 0.053125
2 0.6671875 0.4671875 0.0921875 0.06875
2 0.75 0.471875 0.0671875 0.06875
2 0.8125 0.3953125 0.065625 0.0765625
2 0.8671875 0.35625 0.0890625 0.0546875
2 0.865625 0.4296875 0.109375 0.0625
2 0.8453125 0.4953125 0.0734375 0.0734375
2 0.896875 0.4859375 0.090625 0.0625
2 0.9578125 0.4671875 0.0578125 0.0953125
2 0.965625 0.5359375 0.04375 0.0546875
2 0.15 0.70625 0.065625 0.053125