2 0.3828125 0.659375 0.08125 0.0859375
2 0.71875 0.1046875 0.090625 0.065625
2 0.8609375 0.20625 0.1015625 0.06875
2 0.4484375 0.284375 0.09375 0.05625
2 0.1421875 0.7046875 0.0671875 0.08125
2 0.8921875 0.1125 0.0515625 0.0921875
2 0.2609375 0.3125 0.059375 0.046875
2 0.8609375 0.134375 0.0578125 0.0671875
2 0.715625 0.5125 0.05 0.0859375
1 0.128125 0.7046875 0.025 0.0203125
1 0.38125 0.653125 0.0296875 0.03125
1 0.4484375 0.271875 0.0265625 0.0296875
1 0.725 0.5109375 0.021875 0.0265625
1 0.715625 0.1125 0.0234375 0.0296875
0 0.8625 0.190625 0.0265625 0.04375
0 0.8765625 0.13125 0.0296875 0.025