2 0.7390625 0.13125 0.1 0.0890625
2 0.78125 0.196875 0.103125 0.06875
2 0.6875 0.2 0.08125 0.075
2 0.7109375 0.2453125 0.103125 0.0640625
2 0.71875 0.290625 0.0703125 0.0703125
2 0.66875 0.6765625 0.0859375 0.0703125
2 0.703125 0.584375 0.0828125 0.05625
1 0.6640625 0.678125 0.034375 0.0390625
1 0.709375 0.578125 0.0328125 0.040625
0 0.7125 0.3015625 0.034375 0.0453125
0 0.778125 0.209375 0.03125 0.0375
1 0.7046875 0.259375 0.034375 0.040625
1 0.69375 0.178125 0.034375 0.0421875
1 0.74375 0.121875 0.0375 0.0421875