2 0.0484375 0.815625 0.0671875 0.0953125
2 0.0984375 0.821875 0.059375 0.0953125
2 0.4984375 0.8234375 0.0671875 0.0890625
2 0.45 0.615625 0.0546875 0.0546875
2 0.5609375 0.6875 0.0703125 0.075
2 0.665625 0.678125 0.0703125 0.0734375
2 0.5515625 0.3484375 0.0671875 0.0625
2 0.5890625 0.4171875 0.0625 0.0890625
2 0.6359375 0.4515625 0.0609375 0.0796875
2 0.6828125 0.496875 0.065625 0.090625
2 0.76875 0.3578125 0.1015625 0.0625
2 0.7984375 0.2734375 0.0609375 0.0734375
2 0.7109375 0.7078125 0.0640625 0.0625
2 0.6296875 0.775 0.059375 0.0671875
2 0.596875 0.7921875 0.0625 0.08125
2 0.934375 0.1796875 0.075 0.05625
2 0.8828125 0.29375 0.1 0.0734375
2 0.9 0.221875 0.075 0.065625
2 0.8625 0.1578125 0.0796875 0.0609375
2 0.5953125 0.6140625 0.059375 0.06875
2 0.55 0.6421875 0.05625 0.034375
2 0.5234375 0.5484375 0.0625 0.075
2 0.490625 0.5640625 0.0625 0.0796875
2 0.55 0.803125 0.05 0.04375
2 0.2703125 0.7640625 0.0625 0.0921875
2 0.7046875 0.18125 0.075 0.09375
2 0.7609375 0.5859375 0.05 0.0296875
2 0.7875 0.6015625 0.0578125 0.090625
2 0.7953125 0.3109375 0.05625 0.0390625
2 0.3828125 0.584375 0.0890625 0.0546875
2 0.51875 0.4 0.071875 0.0625
2 0.6171875 0.34375 0.0609375 0.0515625
2 0.7375 0.2328125 0.075 0.040625
1 0.0171875 0.6875 0.0296875 0.025
0 0.109375 0.8265625 0.0375 0.0328125
1 0.28125 0.7640625 0.03125 0.0296875
0 0.490625 0.821875 0.0421875 0.0359375
0 0.5875 0.7859375 0.0359375 0.03125
0 0.61875 0.765625 0.0359375 0.028125
0 0.709375 0.7046875 0.0359375 0.0328125
2 0.6640625 0.73125 0.034375 0.05
0 0.66875 0.74375 0.021875 0.034375
1 0.6640625 0.6734375 0.034375 0.0328125
0 0.571875 0.6796875 0.0359375 0.03125
0 0.575 0.6140625 0.0296875 0.034375
0 0.5390625 0.6421875 0.03125 0.0234375
1 0.3859375 0.59375 0.0265625 0.03125
0 0.775 0.5921875 0.0328125 0.025
2 0.54375 0.603125 0.0390625 0.0328125
0 0.5125 0.5546875 0.0375 0.028125
0 0.6703125 0.4984375 0.0375 0.025
0 0.646875 0.44375 0.034375 0.03125
0 0.5765625 0.4171875 0.040625 0.0296875
1 0.5515625 0.340625 0.0296875 0.0375
1 0.5234375 0.3953125 0.0375 0.0296875
1 0.765625 0.3484375 0.0359375 0.0375
1 0.7859375 0.303125 0.03125 0.025
0 0.78125 0.278125 0.0375 0.025
0 0.8765625 0.2765625 0.0359375 0.040625
0 0.734375 0.2265625 0.028125 0.0296875
0 0.7203125 0.178125 0.0390625 0.03125
0 0.9 0.225 0.0328125 0.034375
0 0.9375 0.171875 0.025 0.040625
0 0.0359375 0.8125 0.0359375 0.0265625
1 0.471875 0.6390625 0.025 0.0265625
1 0.8578125 0.15625 0.028125 0.028125