2 0.5484375 0.321875 0.0609375 0.0546875
2 0.74375 0.2734375 0.0546875 0.0609375
2 0.48125 0.8296875 0.0671875 0.05625
2 0.346875 0.9140625 0.05625 0.059375
2 0.246875 0.7140625 0.0609375 0.0390625
2 0.625 0.75625 0.0640625 0.0734375
2 0.5078125 0.5 0.059375 0.06875
2 0.646875 0.4375 0.0828125 0.05625
2 0.503125 0.565625 0.0625 0.053125
2 0.7 0.4671875 0.0515625 0.0546875
2 0.48125 0.703125 0.0421875 0.053125
2 0.5796875 0.5421875 0.0546875 0.05625
2 0.484375 0.928125 0.0546875 0.053125
2 0.4265625 0.4109375 0.0390625 0.0640625
2 0.45625 0.8828125 0.05625 0.059375
2 0.4515625 0.7265625 0.0546875 0.0453125
2 0.146875 0.8453125 0.0515625 0.0578125
2 0.4546875 0.65 0.065625 0.05625
2 0.215625 0.6328125 0.040625 0.059375
2 0.6203125 0.5328125 0.03125 0.0453125
2 0.4796875 0.8953125 0.053125 0.0484375
2 0.153125 0.9796875 0.059375 0.0375
2 0.8609375 0.35625 0.0296875 0.04375