2 0.159375 0.246875 0.1109375 0.0796875
2 0.7203125 0.4109375 0.0671875 0.1
2 0.3140625 0.4015625 0.059375 0.0640625
2 0.4015625 0.409375 0.1 0.0890625
2 0.346875 0.4921875 0.075 0.084375
2 0.34375 0.571875 0.0875 0.1
2 0.4140625 0.565625 0.0890625 0.084375
2 0.5 0.409375 0.115625 0.1078125
2 0.4109375 0.671875 0.0765625 0.090625
2 0.6 0.6640625 0.11875 0.10625
2 0.66875 0.76875 0.121875 0.084375
2 0.515625 0.7140625 0.10625 0.128125
2 0.4 0.7703125 0.0703125 0.084375
2 0.4390625 0.7671875 0.075 0.0671875
0 0.15625 0.259375 0.0390625 0.0453125
0 0.7171875 0.409375 0.0671875 0.1
0 0.65 0.7640625 0.0703125 0.0578125
0 0.321875 0.390625 0.04375 0.046875
0 0.3890625 0.4296875 0.040625 0.053125
1 0.421875 0.578125 0.0328125 0.040625
0 0.321875 0.571875 0.0421875 0.040625
0 0.4234375 0.7484375 0.046875 0.0421875
0 0.4921875 0.7140625 0.05 0.0484375
0 0.4828125 0.4171875 0.0453125 0.0375
1 0.6046875 0.6578125 0.040625 0.0453125