2 0.3140625 0.0703125 0.0671875 0.078125
2 0.5125 0.0609375 0.0625 0.071875
2 0.759375 0.83125 0.0703125 0.0828125
2 0.2375 0.5375 0.0640625 0.0484375
2 0.1734375 0.4234375 0.0875 0.071875
2 0.8625 0.384375 0.0578125 0.0546875
2 0.146875 0.3375 0.078125 0.0640625
2 0.696875 0.3140625 0.0796875 0.0703125
2 0.8109375 0.3640625 0.05 0.05
2 0.7953125 0.459375 0.078125 0.065625
2 0.803125 0.4140625 0.0578125 0.0515625
2 0.8515625 0.4265625 0.059375 0.034375
1 0.7671875 0.834375 0.040625 0.03125
1 0.790625 0.4640625 0.0359375 0.040625
1 0.8546875 0.390625 0.0359375 0.028125
1 0.8625 0.425 0.03125 0.0328125
1 0.7078125 0.3078125 0.0359375 0.034375
1 0.228125 0.55 0.028125 0.03125
1 0.3140625 0.059375 0.034375 0.0390625
2 0.4734375 0.1015625 0.075 0.0671875
1 0.4765625 0.1015625 0.0390625 0.0359375
1 0.1328125 0.3375 0.0328125 0.03125