2 0.084375 0.55 0.08125 0.096875
2 0.2671875 0.1484375 0.1 0.084375
2 0.3484375 0.115625 0.09375 0.1
2 0.5859375 0.06875 0.078125 0.1265625
2 0.5125 0.821875 0.09375 0.10625
2 0.775 0.95 0.1015625 0.096875
2 0.73125 0.8859375 0.0921875 0.04375
2 0.6203125 0.196875 0.0703125 0.0765625
2 0.621875 0.1125 0.05625 0.0609375
2 0.8109375 0.51875 0.0421875 0.078125
2 0.740625 0.490625 0.075 0.0796875
2 0.625 0.2671875 0.09375 0.065625
2 0.684375 0.6578125 0.1359375 0.0859375
1 0.0828125 0.5484375 0.08125 0.096875
0 0.5046875 0.8296875 0.046875 0.046875
2 0.5171875 0.75625 0.0734375 0.0765625
1 0.5109375 0.7703125 0.034375 0.0359375
1 0.7546875 0.8859375 0.0359375 0.0328125
1 0.771875 0.940625 0.046875 0.0484375
1 0.6921875 0.6328125 0.0484375 0.046875
0 0.815625 0.503125 0.025 0.046875
0 0.7578125 0.4828125 0.040625 0.0296875
2 0.790625 0.590625 0.0890625 0.053125
0 0.796875 0.59375 0.0421875 0.0421875
1 0.628125 0.2765625 0.034375 0.0328125
1 0.265625 0.16875 0.0375 0.0453125
0 0.3609375 0.1171875 0.0546875 0.0390625
0 0.6015625 0.08125 0.0484375 0.0359375
1 0.6296875 0.0984375 0.025 0.040625
2 0.6265625 0.3203125 0.1125 0.0671875
0 0.6265625 0.3109375 0.0421875 0.0390625
1 0.609375 0.1921875 0.03125 0.034375