2 0.284375 0.6265625 0.0671875 0.0421875
2 0.0734375 0.65625 0.0546875 0.0671875
2 0.5875 0.43125 0.0546875 0.053125
2 0.4875 0.175 0.05625 0.06875
2 0.578125 0.246875 0.065625 0.0453125
2 0.5609375 0.196875 0.065625 0.040625
2 0.278125 0.6890625 0.0640625 0.046875
2 0.2171875 0.684375 0.0453125 0.0453125
2 0.4953125 0.4734375 0.0546875 0.05
2 0.540625 0.590625 0.0484375 0.0421875
2 0.5390625 0.3796875 0.0515625 0.0421875
2 0.5 0.2640625 0.04375 0.040625
2 0.096875 0.890625 0.05625 0.0328125
2 0.5390625 0.240625 0.0421875 0.0546875
2 0.5984375 0.3828125 0.0515625 0.0625
2 0.571875 0.3625 0.075 0.046875
2 0.125 0.59375 0.05 0.040625
2 0.4921875 0.3140625 0.0671875 0.05625
2 0.0484375 0.890625 0.04375 0.0390625
2 0.4859375 0.225 0.075 0.046875