2 0.3765625 0.6421875 0.05625 0.0421875
2 0.2921875 0.5171875 0.0515625 0.04375
2 0.2796875 0.2015625 0.05625 0.046875
2 0.4921875 0.7875 0.0671875 0.0359375
2 0.2390625 0.2953125 0.046875 0.0453125
2 0.290625 0.4859375 0.05 0.0578125
2 0.559375 0.7984375 0.046875 0.0375
2 0.6296875 0.5015625 0.0390625 0.028125
2 0.6921875 0.4171875 0.0484375 0.0234375
2 0.6671875 0.3828125 0.0421875 0.034375
2 0.384375 0.5671875 0.05 0.04375
2 0.4296875 0.634375 0.0296875 0.05
2 0.5234375 0.60625 0.03125 0.05625
2 0.7625 0.3 0.021875 0.04375
2 0.6109375 0.2265625 0.0234375 0.0359375
2 0.7484375 0.1734375 0.0390625 0.028125
2 0.5875 0.15 0.0234375 0.0390625
2 0.553125 0.4265625 0.0296875 0.028125
2 0.2421875 0.1921875 0.0546875 0.046875
2 0.2578125 0.1484375 0.078125 0.059375
2 0.253125 0.3375 0.0671875 0.0625
2 0.2609375 0.3953125 0.0578125 0.040625
2 0.2859375 0.45625 0.0421875 0.05
2 0.328125 0.5875 0.05 0.0359375
2 0.825 0.5046875 0.040625 0.0453125
2 0.8265625 0.5375 0.0484375 0.05
2 0.4390625 0.759375 0.0640625 0.05625
2 0.6671875 0.3328125 0.0390625 0.03125
2 0.56875 0.4515625 0.0375 0.025
2 0.5328125 0.1859375 0.0234375 0.0375
2 0.30625 0.4265625 0.028125 0.0453125
2 0.31875 0.4625 0.05625 0.040625
2 0.2453125 0.2375 0.0640625 0.034375
2 0.2375 0.271875 0.0484375 0.040625