2 0.359375 0.065625 0.0703125 0.096875
2 0.5859375 0.1421875 0.0796875 0.121875
2 0.45 0.35 0.0625 0.0625
2 0.3640625 0.434375 0.0859375 0.08125
2 0.375 0.4765625 0.0734375 0.0609375
2 0.7421875 0.4671875 0.084375 0.096875
2 0.6453125 0.440625 0.0828125 0.0890625
2 0.58125 0.5046875 0.071875 0.103125
2 0.6953125 0.5703125 0.1109375 0.0625
2 0.4421875 0.640625 0.1171875 0.0859375
2 0.309375 0.7125 0.08125 0.090625
2 0.246875 0.8140625 0.08125 0.0953125
2 0.2703125 0.8828125 0.1 0.0484375
0 0.371875 0.071875 0.046875 0.0421875
0 0.60625 0.134375 0.05 0.05
0 0.7421875 0.4703125 0.040625 0.0453125
0 0.6015625 0.5046875 0.040625 0.0359375
0 0.2734375 0.88125 0.0390625 0.03125
0 0.353125 0.4328125 0.034375 0.0359375
1 0.45 0.653125 0.0359375 0.0390625
1 0.640625 0.44375 0.034375 0.0359375
1 0.3125 0.721875 0.040625 0.040625
1 0.228125 0.8140625 0.034375 0.0375
1 0.69375 0.5578125 0.0375 0.03125
1 0.3625 0.4796875 0.0390625 0.034375