2 0.2125 0.3125 0.08125 0.0671875
2 0.5265625 0.2515625 0.0796875 0.084375
2 0.0390625 0.628125 0.065625 0.0765625
2 0.5140625 0.409375 0.084375 0.05625
2 0.7078125 0.578125 0.084375 0.065625
2 0.5859375 0.778125 0.0484375 0.084375
2 0.6375 0.209375 0.059375 0.0734375
2 0.584375 0.209375 0.0578125 0.046875
2 0.1703125 0.665625 0.0671875 0.0765625
2 0.11875 0.771875 0.0734375 0.0609375
2 0.290625 0.6328125 0.0703125 0.075
2 0.253125 0.775 0.053125 0.046875
2 0.4484375 0.5578125 0.0796875 0.1015625
2 0.4703125 0.4609375 0.0578125 0.0421875
2 0.5328125 0.5265625 0.071875 0.0484375
2 0.496875 0.553125 0.0625 0.05625
2 0.3234375 0.5671875 0.084375 0.046875
2 0.6921875 0.3359375 0.0875 0.0640625
2 0.928125 0.4796875 0.0421875 0.0578125
2 0.65 0.2765625 0.0859375 0.053125
2 0.63125 0.3125 0.0484375 0.0546875
2 0.5234375 0.4734375 0.084375 0.053125
2 0.3921875 0.8015625 0.0875 0.046875
2 0.309375 0.79375 0.05625 0.0515625
2 0.328125 0.778125 0.0390625 0.0546875
0 0.6921875 0.5765625 0.0375 0.03125
1 0.121875 0.7671875 0.025 0.025
1 0.93125 0.490625 0.0203125 0.0234375
0 0.68125 0.3390625 0.028125 0.0421875
1 0.65 0.271875 0.0234375 0.0265625
1 0.6328125 0.209375 0.0296875 0.0234375
0 0.5265625 0.246875 0.0328125 0.021875
0 0.5734375 0.2171875 0.0265625 0.0234375
1 0.215625 0.3140625 0.028125 0.025
1 0.5109375 0.4109375 0.0296875 0.0265625
1 0.4875 0.453125 0.0265625 0.0203125
0 0.5046875 0.4671875 0.0265625 0.028125
1 0.5265625 0.5328125 0.0234375 0.0296875
0 0.5078125 0.5609375 0.0359375 0.021875
0 0.4640625 0.5609375 0.040625 0.0265625
0 0.340625 0.5546875 0.034375 0.0234375
0 0.3015625 0.6328125 0.04375 0.0234375
0 0.18125 0.6625 0.0359375 0.0234375
0 0.24375 0.784375 0.0234375 0.0265625
0 0.3890625 0.790625 0.0234375 0.025
0 0.29375 0.7875 0.0359375 0.0234375
2 0.3859375 0.7421875 0.046875 0.0328125
0 0.3703125 0.75 0.025 0.0234375
2 0.3875 0.653125 0.0625 0.05
0 0.3328125 0.7921875 0.0265625 0.034375
1 0.6421875 0.315625 0.021875 0.0234375