2 0.6015625 0.48125 0.0703125 0.071875
2 0.309375 0.9578125 0.071875 0.065625
2 0.3671875 0.925 0.078125 0.075
2 0.1453125 0.8703125 0.0921875 0.0515625
2 0.4578125 0.809375 0.071875 0.0609375
2 0.7109375 0.678125 0.075 0.075
2 0.465625 0.9078125 0.0796875 0.08125
2 0.525 0.81875 0.06875 0.065625
2 0.5453125 0.8828125 0.071875 0.0671875
1 0.6015625 0.48125 0.0328125 0.0359375
1 0.1421875 0.8609375 0.03125 0.0359375
1 0.3109375 0.9640625 0.03125 0.0421875
1 0.359375 0.925 0.0328125 0.0390625
1 0.7140625 0.66875 0.0328125 0.0296875
0 0.459375 0.7953125 0.03125 0.040625
1 0.465625 0.9109375 0.034375 0.040625
1 0.51875 0.8171875 0.0328125 0.0328125