2 0.64375 0.5859375 0.0265625 0.0390625
2 0.75625 0.6125 0.028125 0.0375
2 0.80625 0.6109375 0.03125 0.0328125
2 0.7265625 0.6390625 0.0296875 0.040625
2 0.5640625 0.8828125 0.034375 0.040625
2 0.6234375 0.9421875 0.0453125 0.0296875
2 0.7109375 0.5109375 0.0265625 0.0375
2 0.209375 0.7390625 0.04375 0.046875
2 0.3140625 0.5390625 0.0453125 0.0390625
2 0.3765625 0.475 0.034375 0.04375
2 0.184375 0.80625 0.0453125 0.040625
2 0.296875 0.953125 0.046875 0.025
2 0.65 0.93125 0.021875 0.0375
2 0.65 0.765625 0.040625 0.0296875
2 0.5859375 0.4953125 0.0484375 0.021875
2 0.4046875 0.415625 0.0484375 0.0375