2 0.096875 0.3890625 0.0703125 0.0671875
2 0.1296875 0.6078125 0.1078125 0.0984375
2 0.3265625 0.728125 0.096875 0.0890625
2 0.640625 0.371875 0.134375 0.0921875
2 0.4359375 0.4453125 0.0796875 0.1
2 0.43125 0.590625 0.0859375 0.1109375
2 0.5 0.5734375 0.134375 0.1078125
2 0.815625 0.625 0.0828125 0.0875
2 0.925 0.5984375 0.0671875 0.090625
2 0.8 0.4328125 0.0921875 0.0796875
2 0.8453125 0.4875 0.0453125 0.059375
2 0.8515625 0.4328125 0.0671875 0.0671875
0 0.09375 0.3703125 0.040625 0.0453125
0 0.9109375 0.5890625 0.0546875 0.0453125
0 0.5 0.56875 0.0421875 0.04375
0 0.4265625 0.4703125 0.0421875 0.05625
0 0.3078125 0.7328125 0.04375 0.040625
1 0.125 0.5890625 0.04375 0.04375
0 0.815625 0.6046875 0.0421875 0.04375
1 0.640625 0.38125 0.0484375 0.0484375
1 0.790625 0.45625 0.0453125 0.0453125
1 0.85 0.4234375 0.0265625 0.040625