2 0.2640625 0.7265625 0.0734375 0.0765625
2 0.8328125 0.3609375 0.0640625 0.0859375
2 0.703125 0.2484375 0.046875 0.0671875
2 0.9265625 0.4 0.0515625 0.040625
2 0.309375 0.4875 0.046875 0.0546875
2 0.8640625 0.51875 0.0765625 0.0453125
2 0.89375 0.20625 0.0515625 0.0640625
2 0.765625 0.234375 0.05 0.0484375
2 0.1625 0.84375 0.0484375 0.046875
2 0.33125 0.60625 0.0703125 0.065625
2 0.159375 0.9234375 0.0390625 0.0421875
2 0.6609375 0.69375 0.05625 0.0578125
2 0.2515625 0.5984375 0.0734375 0.0390625
2 0.2859375 0.5546875 0.059375 0.0453125
2 0.8140625 0.21875 0.0609375 0.0484375
2 0.8546875 0.2125 0.0515625 0.0515625