2 0.390625 0.840625 0.0609375 0.0890625
2 0.540625 0.4953125 0.1 0.06875
2 0.6609375 0.1453125 0.0828125 0.090625
2 0.2578125 0.4578125 0.065625 0.0625
2 0.5046875 0.55 0.0421875 0.046875
2 0.1296875 0.5265625 0.0640625 0.0921875
2 0.6171875 0.5421875 0.0953125 0.0796875
2 0.421875 0.1765625 0.0796875 0.0875
1 0.3921875 0.8390625 0.0390625 0.0359375
1 0.1203125 0.5296875 0.0296875 0.0359375
0 0.2734375 0.4484375 0.040625 0.025
0 0.6109375 0.5546875 0.040625 0.0484375
0 0.54375 0.4828125 0.0375 0.05
1 0.4890625 0.53125 0.028125 0.0328125
1 0.4234375 0.16875 0.0328125 0.0421875
0 0.6421875 0.1484375 0.0484375 0.0390625