2 0.434375 0.40625 0.0734375 0.071875
2 0.4921875 0.3765625 0.0578125 0.0703125
2 0.6421875 0.29375 0.071875 0.0515625
2 0.2203125 0.9625 0.059375 0.059375
2 0.225 0.9015625 0.05625 0.0703125
2 0.5875 0.6984375 0.0578125 0.0625
2 0.5125 0.6234375 0.053125 0.0703125
2 0.5546875 0.54375 0.06875 0.0421875
2 0.54375 0.596875 0.05625 0.065625
2 0.546875 0.9546875 0.0703125 0.059375
2 0.46875 0.934375 0.05 0.059375
2 0.49375 0.878125 0.05625 0.0484375
2 0.5171875 0.7296875 0.065625 0.0578125
2 0.521875 0.7859375 0.0609375 0.0515625
2 0.671875 0.7046875 0.071875 0.046875
0 0.63125 0.29375 0.0296875 0.0328125
0 0.5078125 0.35625 0.0421875 0.0328125
0 0.440625 0.4109375 0.0296875 0.04375
1 0.5453125 0.5421875 0.0296875 0.025
1 0.521875 0.6171875 0.0265625 0.028125
1 0.6015625 0.6953125 0.0328125 0.025
2 0.73125 0.6671875 0.046875 0.065625
0 0.73125 0.68125 0.0265625 0.034375
1 0.496875 0.8765625 0.03125 0.021875
1 0.5359375 0.959375 0.025 0.0296875
1 0.46875 0.93125 0.021875 0.0296875
1 0.23125 0.8984375 0.0265625 0.0328125
0 0.2140625 0.9734375 0.0203125 0.0390625
2 0.259375 0.9359375 0.09375 0.040625
0 0.259375 0.925 0.025 0.0265625
2 0.4671875 0.6078125 0.03125 0.04375
1 0.4734375 0.5984375 0.0234375 0.0265625