2 0.30625 0.1453125 0.178125 0.140625
2 0.453125 0.203125 0.1203125 0.146875
2 0.6265625 0.20625 0.259375 0.1703125
2 0.309375 0.409375 0.209375 0.178125
2 0.7078125 0.3078125 0.1296875 0.1875
2 0.496875 0.3390625 0.1765625 0.153125
2 0.1984375 0.8625 0.2203125 0.1734375
2 0.5046875 0.746875 0.20625 0.1328125
2 0.6140625 0.425 0.0953125 0.134375
2 0.73125 0.4578125 0.146875 0.1046875
2 0.809375 0.8984375 0.1328125 0.2
2 0.8046875 0.7328125 0.121875 0.1484375
2 0.678125 0.821875 0.14375 0.165625
2 0.7078125 0.6921875 0.121875 0.1203125
2 0.5578125 0.846875 0.18125 0.1578125
2 0.3765625 0.875 0.1359375 0.2453125
2 0.4421875 0.9421875 0.1609375 0.1109375
0 0.2984375 0.0875 0.08125 0.05625
0 0.646875 0.153125 0.0859375 0.090625
0 0.340625 0.18125 0.075 0.0859375
0 0.421875 0.2359375 0.0625 0.0765625
0 0.30625 0.425 0.0765625 0.0828125
0 0.5015625 0.3296875 0.0828125 0.071875
1 0.675 0.33125 0.071875 0.0625
1 0.6828125 0.440625 0.071875 0.0640625
1 0.4890625 0.7140625 0.0640625 0.078125
0 0.1640625 0.8859375 0.0859375 0.09375
1 0.3375 0.8546875 0.0828125 0.0609375
0 0.521875 0.8046875 0.078125 0.0890625
1 0.390625 0.915625 0.075 0.0671875
0 0.834375 0.9453125 0.1 0.0875
0 0.6015625 0.38125 0.0828125 0.06875
0 0.7359375 0.68125 0.075 0.1046875
0 0.7078125 0.7859375 0.0765625 0.1046875