2 0.671875 0.6265625 0.06875 0.0796875
2 0.2078125 0.5171875 0.0796875 0.075
2 0.1828125 0.2265625 0.05625 0.0625
2 0.265625 0.475 0.05 0.0625
2 0.384375 0.378125 0.0578125 0.0734375
2 0.4203125 0.621875 0.0484375 0.0546875
2 0.2828125 0.1984375 0.05 0.075
2 0.41875 0.3234375 0.084375 0.0515625
2 0.228125 0.2140625 0.06875 0.0640625
2 0.0703125 0.403125 0.0609375 0.0703125
2 0.45625 0.6640625 0.071875 0.04375
2 0.36875 0.421875 0.05625 0.05625
0 0.6625 0.61875 0.0265625 0.025
0 0.203125 0.525 0.025 0.028125
1 0.25625 0.4640625 0.021875 0.01875
0 0.35625 0.4125 0.0234375 0.021875
1 0.3703125 0.36875 0.025 0.025
2 0.3625 0.3421875 0.046875 0.0421875
0 0.3484375 0.3453125 0.0296875 0.021875
1 0.2703125 0.203125 0.0234375 0.0234375
1 0.234375 0.2296875 0.021875 0.025
1 0.1765625 0.2265625 0.01875 0.0203125