2 0.1875 0.41875 0.078125 0.08125
2 0.43125 0.71875 0.06875 0.0859375
2 0.384375 0.3140625 0.0734375 0.078125
2 0.4109375 0.7828125 0.065625 0.0734375
2 0.259375 0.4234375 0.059375 0.0734375
2 0.3171875 0.353125 0.0765625 0.0859375
2 0.253125 0.6484375 0.0625 0.0828125
2 0.06875 0.3765625 0.084375 0.059375
2 0.465625 0.9171875 0.0875 0.046875
2 0.3453125 0.8671875 0.0578125 0.0578125
2 0.490625 0.5234375 0.071875 0.0734375
2 0.303125 0.7140625 0.0859375 0.046875
2 0.3375 0.8265625 0.05 0.046875
2 0.3328125 0.915625 0.05625 0.04375
0 0.38125 0.31875 0.025 0.0328125
0 0.321875 0.3609375 0.034375 0.0296875
1 0.2609375 0.4234375 0.0234375 0.03125
0 0.184375 0.415625 0.034375 0.0328125
0 0.075 0.3796875 0.0328125 0.028125
1 0.4890625 0.534375 0.028125 0.0265625
0 0.2546875 0.6546875 0.028125 0.0328125
0 0.4234375 0.7125 0.03125 0.0296875
0 0.2921875 0.6984375 0.0234375 0.028125
0 0.415625 0.775 0.025 0.0359375
0 0.3484375 0.871875 0.028125 0.03125
0 0.3484375 0.921875 0.025 0.028125
2 0.4609375 0.85625 0.0390625 0.0578125