2 0.078125 0.234375 0.0859375 0.0671875
2 0.7453125 0.228125 0.0828125 0.071875
2 0.65625 0.478125 0.13125 0.078125
2 0.6375 0.66875 0.115625 0.09375
2 0.6671875 0.8265625 0.08125 0.10625
2 0.878125 0.5984375 0.103125 0.0953125
2 0.84375 0.6703125 0.090625 0.109375
2 0.8796875 0.765625 0.0828125 0.1
2 0.95 0.8421875 0.0890625 0.075
2 0.946875 0.6609375 0.1015625 0.0671875
0 0.75625 0.2484375 0.046875 0.034375
1 0.0796875 0.2453125 0.040625 0.028125
0 0.6328125 0.6796875 0.05 0.034375
1 0.6859375 0.8328125 0.0421875 0.0375
0 0.84375 0.6703125 0.0515625 0.040625
1 0.878125 0.609375 0.040625 0.0328125
1 0.865625 0.7671875 0.046875 0.0453125
0 0.9375 0.8515625 0.0546875 0.040625
1 0.65 0.46875 0.040625 0.0359375
1 0.98125 0.68125 0.0328125 0.0390625