2 0.4828125 0.25 0.0859375 0.09375
2 0.921875 0.8640625 0.1046875 0.08125
2 0.65 0.409375 0.090625 0.0765625
2 0.259375 0.1203125 0.0796875 0.065625
2 0.2640625 0.2984375 0.04375 0.0828125
2 0.09375 0.478125 0.0828125 0.078125
2 0.6546875 0.353125 0.1125 0.05625
0 0.9296875 0.8578125 0.034375 0.0390625
1 0.0875 0.48125 0.0328125 0.0390625
1 0.6453125 0.4109375 0.0390625 0.0421875
1 0.6609375 0.3390625 0.034375 0.03125
0 0.4703125 0.2515625 0.0484375 0.040625
1 0.25625 0.3234375 0.028125 0.03125
0 0.26875 0.1234375 0.034375 0.0359375