2 0.1640625 0.5703125 0.0828125 0.0578125
2 0.346875 0.18125 0.0515625 0.0578125
2 0.49375 0.1625 0.0640625 0.084375
2 0.3296875 0.13125 0.05625 0.046875
2 0.3546875 0.3734375 0.065625 0.08125
2 0.409375 0.1828125 0.046875 0.0890625
2 0.790625 0.2859375 0.0640625 0.0578125
2 0.1765625 0.503125 0.04375 0.065625
2 0.5390625 0.7703125 0.090625 0.0546875
2 0.0875 0.625 0.0671875 0.0578125
2 0.1203125 0.59375 0.059375 0.0484375
2 0.315625 0.4609375 0.0640625 0.0546875
2 0.30625 0.515625 0.0671875 0.0515625
2 0.45625 0.171875 0.0421875 0.0640625
2 0.21875 0.509375 0.0359375 0.0515625
2 0.228125 0.4390625 0.0640625 0.040625
0 0.5375 0.765625 0.0234375 0.0328125
0 0.3578125 0.3703125 0.0328125 0.03125
1 0.3328125 0.1421875 0.021875 0.028125