2 0.515625 0.3015625 0.059375 0.1046875
2 0.2 0.4921875 0.08125 0.0796875
2 0.2734375 0.6328125 0.0609375 0.090625
2 0.225 0.70625 0.096875 0.0546875
2 0.265625 0.765625 0.10625 0.0734375
2 0.54375 0.4921875 0.1 0.0609375
2 0.3359375 0.6734375 0.06875 0.078125
2 0.184375 0.9625 0.0625 0.0546875
0 0.528125 0.29375 0.040625 0.034375
0 0.190625 0.4890625 0.0375 0.0328125
1 0.2671875 0.6390625 0.034375 0.03125
1 0.3421875 0.6625 0.0375 0.0375
1 0.221875 0.6890625 0.025 0.040625
0 0.2703125 0.778125 0.0359375 0.040625
2 0.5453125 0.5046875 0.034375 0.0328125
0 0.1859375 0.9765625 0.0296875 0.028125