2 0.6 0.2109375 0.09375 0.0515625
2 0.4640625 0.4859375 0.0609375 0.0953125
2 0.3890625 0.38125 0.0671875 0.06875
2 0.6484375 0.7671875 0.078125 0.08125
2 0.70625 0.8015625 0.05 0.0921875
2 0.4015625 0.425 0.06875 0.0453125
2 0.7609375 0.83125 0.0515625 0.078125
1 0.5984375 0.221875 0.0203125 0.025
1 0.3984375 0.3859375 0.0265625 0.0234375
0 0.4765625 0.4828125 0.034375 0.0265625
1 0.396875 0.409375 0.028125 0.025
1 0.6484375 0.7703125 0.0359375 0.0453125
0 0.7703125 0.83125 0.03125 0.0328125
1 0.7125 0.7890625 0.0296875 0.0359375