2 0.496875 0.678125 0.0703125 0.0609375
2 0.0796875 0.1640625 0.075 0.0453125
2 0.6109375 0.7359375 0.053125 0.0578125
2 0.55 0.74375 0.0375 0.0609375
2 0.753125 0.5828125 0.08125 0.0546875
2 0.2765625 0.6828125 0.0546875 0.071875
2 0.2671875 0.2078125 0.0390625 0.0671875
2 0.0640625 0.4625 0.0625 0.0390625
2 0.0890625 0.2328125 0.0875 0.059375
2 0.403125 0.928125 0.053125 0.065625
2 0.7703125 0.9171875 0.0625 0.06875
2 0.8453125 0.8890625 0.075 0.0578125
2 0.1578125 0.4828125 0.0765625 0.059375
2 0.24375 0.3515625 0.090625 0.0375
2 0.5484375 0.9046875 0.0703125 0.0515625
2 0.8546875 0.94375 0.0546875 0.0375