2 0.3875 0.11875 0.1109375 0.075
2 0.1625 0.3828125 0.1046875 0.05625
2 0.675 0.8265625 0.059375 0.0875
2 0.6375 0.909375 0.0765625 0.06875
2 0.690625 0.9046875 0.0796875 0.053125
2 0.721875 0.2765625 0.075 0.0703125
2 0.784375 0.3625 0.0609375 0.059375
2 0.8171875 0.4578125 0.0953125 0.06875
2 0.2703125 0.3921875 0.078125 0.08125
2 0.2421875 0.409375 0.0515625 0.0515625
2 0.4484375 0.3140625 0.071875 0.065625
2 0.715625 0.328125 0.0828125 0.053125
2 0.4234375 0.696875 0.0734375 0.071875
2 0.7234375 0.8515625 0.0578125 0.1046875
0 0.1609375 0.3640625 0.040625 0.0375
0 0.38125 0.1375 0.0328125 0.046875
0 0.8109375 0.459375 0.040625 0.0375
0 0.4234375 0.7 0.034375 0.0375
1 0.6625 0.8296875 0.040625 0.0375
1 0.7375 0.8578125 0.034375 0.0328125
1 0.684375 0.9109375 0.028125 0.0375
0 0.628125 0.903125 0.03125 0.0375
0 0.715625 0.2875 0.0328125 0.0265625
2 0.553125 0.79375 0.0671875 0.0484375
0 0.5453125 0.7921875 0.0265625 0.0234375
1 0.73125 0.315625 0.0234375 0.0296875