2 0.8640625 0.7734375 0.0875 0.084375
2 0.6625 0.578125 0.084375 0.0640625
2 0.5015625 0.1953125 0.0828125 0.0578125
2 0.703125 0.5234375 0.065625 0.071875
2 0.459375 0.69375 0.0640625 0.08125
2 0.76875 0.390625 0.0578125 0.065625
2 0.89375 0.8890625 0.065625 0.078125
2 0.5171875 0.2515625 0.0828125 0.0578125
2 0.515625 0.1015625 0.090625 0.08125
2 0.5625 0.1578125 0.0625 0.065625
2 0.5296875 0.7578125 0.06875 0.05625
1 0.9046875 0.896875 0.025 0.025
0 0.8453125 0.7609375 0.028125 0.025
0 0.53125 0.7421875 0.025 0.0296875
0 0.7109375 0.521875 0.034375 0.025
0 0.659375 0.5625 0.0265625 0.034375
0 0.515625 0.2421875 0.034375 0.03125
0 0.5515625 0.15 0.0265625 0.0265625
1 0.5046875 0.1859375 0.0234375 0.0296875
1 0.525 0.1 0.040625 0.025