2 0.3796875 0.540625 0.059375 0.065625
2 0.0453125 0.7109375 0.0875 0.065625
2 0.0359375 0.628125 0.0640625 0.0640625
2 0.7234375 0.65625 0.0640625 0.08125
2 0.2984375 0.9015625 0.0578125 0.0609375
2 0.153125 0.6984375 0.084375 0.046875
2 0.2890625 0.3078125 0.1046875 0.0640625
2 0.2421875 0.93125 0.05625 0.05
2 0.196875 0.9390625 0.0640625 0.0546875
2 0.69375 0.4515625 0.065625 0.065625
2 0.3 0.25 0.0578125 0.0703125
2 0.3484375 0.2046875 0.04375 0.078125
2 0.0953125 0.365625 0.0890625 0.078125
2 0.29375 0.5578125 0.075 0.065625
2 0.44375 0.4453125 0.053125 0.06875
2 0.9296875 0.26875 0.0640625 0.0828125
2 0.8609375 0.459375 0.0359375 0.0453125
2 0.4078125 0.8890625 0.040625 0.06875
2 0.271875 0.3953125 0.0453125 0.0625
2 0.2703125 0.4484375 0.078125 0.0625
0 0.9171875 0.2734375 0.0375 0.034375
1 0.7140625 0.65625 0.0359375 0.0328125
0 0.4328125 0.4515625 0.0265625 0.0390625
0 0.340625 0.1984375 0.0328125 0.0265625
1 0.296875 0.253125 0.028125 0.0265625
0 0.284375 0.325 0.03125 0.04375
0 0.2625 0.4 0.028125 0.03125
1 0.26875 0.453125 0.034375 0.03125
0 0.3953125 0.55 0.0375 0.0265625
1 0.2875 0.5453125 0.0265625 0.03125
0 0.1546875 0.709375 0.0265625 0.0421875
1 0.04375 0.725 0.0296875 0.0421875
1 0.7125 0.4515625 0.0328125 0.028125
2 0.7796875 0.321875 0.0421875 0.0375
2 0.5046875 0.1375 0.0484375 0.0375
2 0.503125 0.0953125 0.0453125 0.04375