2 0.6765625 0.246875 0.0546875 0.046875
2 0.828125 0.8234375 0.0515625 0.0453125
2 0.309375 0.4890625 0.0453125 0.040625
2 0.2578125 0.484375 0.05625 0.0484375
2 0.584375 0.859375 0.05 0.04375
2 0.465625 0.425 0.0421875 0.0546875
2 0.3890625 0.7078125 0.0421875 0.0625
2 0.43125 0.7546875 0.05625 0.059375
2 0.6375 0.675 0.040625 0.0515625
2 0.36875 0.4578125 0.046875 0.05
2 0.2140625 0.35625 0.0546875 0.05625
2 0.525 0.2984375 0.0671875 0.0421875
2 0.546875 0.49375 0.05 0.0484375
2 0.5921875 0.4 0.046875 0.0453125
2 0.353125 0.28125 0.046875 0.0484375
2 0.5 0.18125 0.0375 0.0421875
2 0.565625 0.6765625 0.053125 0.0390625
2 0.36875 0.6203125 0.06875 0.0609375
2 0.7421875 0.8484375 0.0359375 0.05
2 0.5328125 0.34375 0.0671875 0.0328125
2 0.621875 0.3625 0.071875 0.0390625
2 0.546875 0.8375 0.0421875 0.0546875
2 0.5796875 0.221875 0.0515625 0.0359375
2 0.6296875 0.6203125 0.046875 0.0609375
2 0.7203125 0.3375 0.0375 0.046875
2 0.896875 0.5078125 0.0578125 0.0421875
2 0.7375 0.4015625 0.0453125 0.059375
2 0.6515625 0.5296875 0.0375 0.0515625
2 0.6921875 0.534375 0.0515625 0.04375
2 0.2109375 0.3203125 0.0515625 0.05625
2 0.28125 0.3421875 0.0390625 0.065625
2 0.2640625 0.3109375 0.040625 0.0484375
2 0.3140625 0.4359375 0.04375 0.0453125
2 0.2875 0.396875 0.0625 0.0375
2 0.24375 0.403125 0.0359375 0.0421875
2 0.2453125 0.4359375 0.0671875 0.0296875
2 0.4265625 0.3859375 0.0359375 0.0453125
2 0.434375 0.409375 0.0421875 0.04375
2 0.5109375 0.4296875 0.04375 0.0515625
2 0.5109375 0.33125 0.0671875 0.0265625
2 0.340625 0.2359375 0.059375 0.0296875
2 0.3859375 0.246875 0.0546875 0.0359375
2 0.29375 0.24375 0.0546875 0.0421875
2 0.2171875 0.2484375 0.0640625 0.0328125
2 0.203125 0.2828125 0.0421875 0.0328125
2 0.3015625 0.16875 0.0390625 0.040625
2 0.2125 0.1703125 0.059375 0.0578125
2 0.2609375 0.246875 0.05 0.0328125
2 0.3546875 0.2109375 0.0484375 0.0421875
2 0.4359375 0.1703125 0.0421875 0.0484375
2 0.4515625 0.1515625 0.0265625 0.0421875
2 0.54375 0.165625 0.0484375 0.0328125
2 0.453125 0.3453125 0.03125 0.0359375
2 0.4953125 0.478125 0.0265625 0.046875
2 0.36875 0.3328125 0.0484375 0.0484375
2 0.4875 0.56875 0.0234375 0.0375
2 0.515625 0.540625 0.0421875 0.040625
2 0.6140625 0.528125 0.053125 0.0296875
2 0.5875 0.4609375 0.0375 0.0328125
2 0.5703125 0.4171875 0.0390625 0.0296875
2 0.5375 0.746875 0.0515625 0.0453125
2 0.4984375 0.753125 0.053125 0.0546875
2 0.4578125 0.6828125 0.0375 0.0546875
2 0.546875 0.709375 0.0515625 0.0421875
2 0.515625 0.834375 0.0421875 0.0546875
2 0.5953125 0.81875 0.0640625 0.0453125
2 0.61875 0.8390625 0.0328125 0.0515625
2 0.5953125 0.753125 0.0359375 0.040625
2 0.7 0.734375 0.04375 0.040625
2 0.7 0.853125 0.053125 0.0375
2 0.6453125 0.8609375 0.0578125 0.0390625
2 0.6 0.578125 0.04375 0.0328125
2 0.5640625 0.6171875 0.05625 0.040625
2 0.540625 0.653125 0.04375 0.0515625
2 0.6140625 0.6609375 0.0453125 0.0546875
2 0.6359375 0.8046875 0.03125 0.040625
2 0.528125 0.6078125 0.0359375 0.03125
2 0.425 0.5546875 0.04375 0.0390625
2 0.325 0.528125 0.0515625 0.0359375
2 0.36875 0.490625 0.0578125 0.03125
2 0.6828125 0.821875 0.028125 0.0484375
2 0.7 0.78125 0.05625 0.0484375
2 0.6609375 0.7890625 0.0328125 0.05
2 0.64375 0.7546875 0.0609375 0.040625
2 0.615625 0.71875 0.0421875 0.0265625
2 0.68125 0.7046875 0.04375 0.0484375
2 0.703125 0.625 0.03125 0.0484375
2 0.61875 0.471875 0.0484375 0.0359375
2 0.45 0.465625 0.0546875 0.0328125
2 0.4609375 0.5921875 0.0296875 0.0421875
2 0.4921875 0.60625 0.0359375 0.0375
2 0.5046875 0.6703125 0.046875 0.025
2 0.4265625 0.7 0.028125 0.078125
2 0.7171875 0.7 0.025 0.04375
2 0.93125 0.6796875 0.0390625 0.025
2 0.8046875 0.6640625 0.0375 0.0375
2 0.975 0.8359375 0.0421875 0.0296875
2 0.75 0.7953125 0.0421875 0.0515625
2 0.7875 0.76875 0.040625 0.025
2 0.771875 0.696875 0.0328125 0.0359375
2 0.7578125 0.7359375 0.0453125 0.0234375
2 0.8390625 0.74375 0.0328125 0.0296875
2 0.7546875 0.5984375 0.03125 0.0328125
2 0.79375 0.703125 0.0375 0.0296875