2 0.5203125 0.628125 0.0703125 0.075
2 0.375 0.88125 0.0453125 0.0546875
2 0.5421875 0.3359375 0.075 0.0546875
2 0.5890625 0.6921875 0.05 0.0453125
2 0.3015625 0.578125 0.053125 0.05625
2 0.5078125 0.8359375 0.0484375 0.0625
2 0.38125 0.465625 0.0609375 0.05
2 0.609375 0.3 0.0390625 0.0453125
2 0.16875 0.89375 0.0640625 0.053125
2 0.721875 0.653125 0.0375 0.0453125
2 0.3921875 0.740625 0.0625 0.059375
2 0.36875 0.8359375 0.03125 0.040625
2 0.2703125 0.5921875 0.0546875 0.0375
2 0.2078125 0.946875 0.05 0.05