2 0.38125 0.421875 0.1109375 0.0875
2 0.9109375 0.9265625 0.1140625 0.09375
2 0.0875 0.5359375 0.0875 0.10625
2 0.7859375 0.415625 0.0921875 0.0546875
2 0.4328125 0.815625 0.0765625 0.1015625
2 0.596875 0.7171875 0.065625 0.078125
2 0.140625 0.3484375 0.0953125 0.0625
2 0.2453125 0.6390625 0.0703125 0.0546875
2 0.228125 0.6796875 0.09375 0.0640625
1 0.1578125 0.034375 0.0453125 0.040625
1 0.14375 0.3578125 0.0359375 0.040625
0 0.375 0.4140625 0.040625 0.0546875
1 0.084375 0.53125 0.0390625 0.040625
1 0.7796875 0.425 0.04375 0.0359375
0 0.2375 0.6421875 0.0390625 0.0421875
1 0.225 0.684375 0.0265625 0.0390625
1 0.6046875 0.7109375 0.0359375 0.0453125
1 0.4140625 0.8234375 0.0453125 0.0484375
0 0.915625 0.9421875 0.04375 0.0546875