2 0.7625 0.2328125 0.040625 0.0625
2 0.609375 0.7765625 0.046875 0.046875
2 0.875 0.340625 0.0734375 0.0484375
2 0.759375 0.3015625 0.0328125 0.0453125
2 0.553125 0.6796875 0.071875 0.05
2 0.4828125 0.665625 0.059375 0.059375
2 0.8453125 0.590625 0.06875 0.05625
2 0.2703125 0.425 0.046875 0.053125
2 0.7609375 0.753125 0.046875 0.0609375
2 0.4703125 0.7171875 0.05625 0.0625
2 0.6484375 0.8 0.046875 0.05
2 0.953125 0.4140625 0.0609375 0.0375
2 0.359375 0.4265625 0.0453125 0.059375
2 0.2125 0.240625 0.04375 0.059375
2 0.8484375 0.7203125 0.0640625 0.0578125
2 0.834375 0.65 0.04375 0.059375
2 0.5515625 0.775 0.0515625 0.053125
2 0.678125 0.84375 0.0625 0.0578125
2 0.7453125 0.8734375 0.0546875 0.0625
2 0.6890625 0.8078125 0.0421875 0.0625
2 0.7484375 0.6828125 0.0265625 0.046875
2 0.2390625 0.2671875 0.0609375 0.0484375
2 0.2578125 0.3671875 0.05625 0.05
2 0.509375 0.1171875 0.0609375 0.0578125
2 0.384375 0.109375 0.040625 0.059375
2 0.2296875 0.0859375 0.0578125 0.0390625
2 0.5578125 0.546875 0.021875 0.0375
2 0.8109375 0.559375 0.040625 0.0484375
2 0.6375 0.5875 0.0453125 0.028125
2 0.640625 0.490625 0.0484375 0.0453125
2 0.6375 0.5484375 0.0421875 0.0359375
2 0.5265625 0.6453125 0.0375 0.0453125