2 0.8390625 0.3125 0.0546875 0.0671875
2 0.3375 0.734375 0.0453125 0.053125
2 0.5703125 0.590625 0.0578125 0.05625
2 0.1828125 0.7515625 0.0734375 0.0578125
2 0.1265625 0.615625 0.046875 0.065625
2 0.5140625 0.6171875 0.0515625 0.05
2 0.45625 0.646875 0.0453125 0.0546875
2 0.3265625 0.45625 0.0421875 0.0671875
2 0.325 0.5171875 0.05625 0.059375
2 0.234375 0.5265625 0.05 0.05
2 0.484375 0.5625 0.0453125 0.0734375
2 0.6375 0.5328125 0.0609375 0.059375
2 0.53125 0.4390625 0.040625 0.0484375
2 0.534375 0.5609375 0.0453125 0.046875
2 0.64375 0.41875 0.0546875 0.04375
2 0.5703125 0.4140625 0.0640625 0.046875
2 0.6234375 0.446875 0.05625 0.0484375
2 0.2796875 0.7359375 0.0546875 0.0515625
2 0.4890625 0.421875 0.05625 0.05
2 0.4265625 0.6640625 0.04375 0.0421875
2 0.2734375 0.559375 0.04375 0.0453125
2 0.1859375 0.6640625 0.05 0.0421875
2 0.24375 0.5796875 0.0890625 0.053125
2 0.2375 0.7609375 0.0546875 0.0359375
2 0.3359375 0.6328125 0.0453125 0.0546875
2 0.459375 0.1203125 0.05 0.0546875
2 0.8640625 0.0828125 0.0765625 0.0546875
2 0.8421875 0.034375 0.0640625 0.05
2 0.8828125 0.103125 0.0421875 0.0421875
2 0.8578125 0.0234375 0.05625 0.0390625
2 0.621875 0.2671875 0.0390625 0.053125
2 0.5359375 0.3921875 0.0375 0.0453125
2 0.4 0.61875 0.0421875 0.0359375
2 0.215625 0.634375 0.053125 0.053125