2 0.28125 0.4453125 0.059375 0.065625
2 0.4609375 0.8953125 0.0640625 0.0796875
2 0.1328125 0.953125 0.1046875 0.05625
2 0.1734375 0.8125 0.0640625 0.08125
2 0.5703125 0.6515625 0.053125 0.065625
2 0.3234375 0.390625 0.0609375 0.0640625
2 0.384375 0.8890625 0.0546875 0.0578125
2 0.128125 0.7328125 0.0515625 0.053125
2 0.378125 0.33125 0.0671875 0.0546875
2 0.1421875 0.6515625 0.0375 0.059375
2 0.0875 0.815625 0.05625 0.0546875
2 0.35 0.6859375 0.065625 0.053125
2 0.4859375 0.3015625 0.053125 0.0515625
2 0.546875 0.3765625 0.0546875 0.06875
2 0.4875 0.403125 0.053125 0.0640625
2 0.084375 0.8703125 0.0546875 0.0515625
2 0.5296875 0.2578125 0.0828125 0.0578125
2 0.5375 0.6109375 0.0578125 0.0421875
2 0.696875 0.2015625 0.0515625 0.0703125
2 0.509375 0.6640625 0.040625 0.0609375
2 0.6359375 0.221875 0.040625 0.065625
2 0.178125 0.58125 0.0609375 0.0734375
2 0.875 0.2078125 0.053125 0.046875
2 0.484375 0.60625 0.0390625 0.04375
2 0.4421875 0.3015625 0.05625 0.0375
2 0.5640625 0.259375 0.0578125 0.0703125
2 0.171875 0.6109375 0.0640625 0.0421875
2 0.5203125 0.3765625 0.053125 0.08125
2 0.603125 0.215625 0.05 0.0453125
2 0.465625 0.3453125 0.040625 0.0546875
2 0.5734375 0.3859375 0.0484375 0.059375
2 0.3828125 0.38125 0.0421875 0.053125
2 0.4328125 0.3421875 0.0484375 0.0640625
2 0.834375 0.2171875 0.03125 0.059375
2 0.8421875 0.1703125 0.05625 0.0390625
2 0.7765625 0.1953125 0.04375 0.028125
2 0.746875 0.190625 0.040625 0.046875
2 0.4234375 0.9203125 0.0734375 0.046875
2 0.1 0.765625 0.0359375 0.0546875
2 0.5375 0.6640625 0.053125 0.05625