2 0.203125 0.4078125 0.08125 0.0765625
2 0.603125 0.73125 0.04375 0.0703125
2 0.3125 0.284375 0.071875 0.071875
2 0.2765625 0.3125 0.0796875 0.071875
2 0.9609375 0.4515625 0.0640625 0.0515625
2 0.6078125 0.6078125 0.0484375 0.0671875
2 0.6609375 0.078125 0.1296875 0.0546875
2 0.8921875 0.571875 0.078125 0.0671875
2 0.421875 0.83125 0.059375 0.0578125
2 0.4609375 0.1515625 0.078125 0.0609375
1 0.6109375 0.7265625 0.0296875 0.0296875
1 0.4203125 0.825 0.034375 0.0296875
2 0.6375 0.7484375 0.0609375 0.0328125
0 0.65 0.7515625 0.034375 0.0234375
2 0.3703125 0.8484375 0.053125 0.053125
0 0.3828125 0.8546875 0.0234375 0.034375
0 0.2109375 0.415625 0.0359375 0.0453125
1 0.3140625 0.2859375 0.034375 0.0328125
0 0.478125 0.1703125 0.0328125 0.03125
1 0.94375 0.4609375 0.028125 0.0265625
0 0.615625 0.6125 0.034375 0.034375
2 0.415625 0.190625 0.059375 0.021875