2 0.428125 0.49375 0.071875 0.0640625
2 0.0703125 0.3515625 0.0671875 0.0609375
2 0.728125 0.740625 0.0578125 0.0609375
2 0.2765625 0.2546875 0.0640625 0.0625
2 0.125 0.46875 0.0703125 0.0515625
2 0.275 0.9578125 0.0484375 0.0625
2 0.7359375 0.8078125 0.059375 0.0578125
2 0.76875 0.946875 0.05 0.0625
2 0.2109375 0.2015625 0.0671875 0.053125
2 0.5078125 0.6078125 0.0546875 0.053125
2 0.2796875 0.478125 0.0609375 0.0609375
2 0.4921875 0.3859375 0.046875 0.0546875
2 0.1140625 0.184375 0.0609375 0.0484375
2 0.740625 0.8734375 0.040625 0.0671875
2 0.3515625 0.3203125 0.05 0.0578125
2 0.2125 0.503125 0.053125 0.05
2 0.6453125 0.5921875 0.0546875 0.05
2 0.5859375 0.4625 0.046875 0.05625
2 0.5953125 0.49375 0.05 0.0578125
2 0.4921875 0.55 0.0578125 0.053125
2 0.1671875 0.5890625 0.046875 0.0390625
2 0.125 0.2265625 0.053125 0.05
2 0.2109375 0.775 0.0390625 0.05
2 0.240625 0.625 0.0375 0.0453125
2 0.1625 0.546875 0.071875 0.0484375
2 0.178125 0.61875 0.0390625 0.0296875
2 0.2390625 0.6921875 0.0421875 0.040625
2 0.503125 0.709375 0.046875 0.0546875
2 0.546875 0.8375 0.0515625 0.075
2 0.29375 0.6421875 0.0484375 0.0578125
2 0.04375 0.1859375 0.04375 0.05625
2 0.353125 0.2640625 0.053125 0.053125
2 0.4765625 0.6390625 0.0546875 0.0359375
2 0.3734375 0.6921875 0.0484375 0.034375
2 0.2140625 0.2734375 0.0609375 0.0421875
2 0.5203125 0.4234375 0.05625 0.03125
2 0.73125 0.9484375 0.053125 0.05