2 0.878125 0.903125 0.0625 0.075
2 0.6640625 0.70625 0.0546875 0.0453125
2 0.371875 0.49375 0.053125 0.0515625
2 0.8875 0.8671875 0.0609375 0.059375
2 0.8703125 0.975 0.0578125 0.046875
2 0.709375 0.8484375 0.0515625 0.065625
2 0.2578125 0.4515625 0.0671875 0.065625
2 0.215625 0.2375 0.05625 0.0625
2 0.415625 0.3203125 0.0484375 0.034375
2 0.728125 0.4953125 0.0953125 0.0484375
2 0.6953125 0.446875 0.0546875 0.04375
2 0.76875 0.6484375 0.0546875 0.0546875
2 0.734375 0.9796875 0.05625 0.0375
2 0.8421875 0.6859375 0.04375 0.0609375
2 0.440625 0.7515625 0.053125 0.0453125
2 0.6140625 0.9328125 0.05625 0.040625
2 0.74375 0.9 0.0546875 0.0328125
2 0.63125 0.6203125 0.0453125 0.040625
2 0.3765625 0.5640625 0.040625 0.0453125
2 0.653125 0.528125 0.0421875 0.0625
2 0.6828125 0.5328125 0.03125 0.0375
2 0.5640625 0.4484375 0.05 0.0453125
2 0.3828125 0.45 0.05 0.0484375
2 0.15 0.4265625 0.0515625 0.046875
2 0.5359375 0.5734375 0.05625 0.0578125
2 0.5546875 0.6484375 0.0640625 0.0484375
2 0.5078125 0.621875 0.040625 0.0453125
2 0.4734375 0.6578125 0.0578125 0.0515625
2 0.8109375 0.6796875 0.04375 0.04375
2 0.8859375 0.834375 0.0609375 0.0484375
2 0.1484375 0.328125 0.0625 0.0640625
2 0.2421875 0.290625 0.0546875 0.059375
2 0.309375 0.29375 0.0546875 0.0375
2 0.3515625 0.225 0.046875 0.065625
2 0.4109375 0.253125 0.053125 0.06875
2 0.5546875 0.3171875 0.0609375 0.0421875
2 0.503125 0.3046875 0.0421875 0.040625
2 0.4765625 0.275 0.053125 0.065625
2 0.3171875 0.2234375 0.0359375 0.0546875
2 0.45625 0.4859375 0.0640625 0.04375
2 0.546875 0.40625 0.0625 0.0421875
2 0.61875 0.390625 0.0296875 0.046875
2 0.58125 0.3703125 0.04375 0.046875
2 0.5421875 0.3703125 0.0375 0.0359375
2 0.653125 0.484375 0.0515625 0.0375
2 0.7234375 0.5359375 0.0484375 0.0390625
2 0.6171875 0.7015625 0.0390625 0.053125
2 0.6671875 0.7296875 0.040625 0.0375
2 0.665625 0.9046875 0.0484375 0.0375