2 0.0953125 0.7734375 0.0796875 0.084375
2 0.4703125 0.815625 0.078125 0.0953125
2 0.696875 0.6921875 0.0859375 0.090625
2 0.7875 0.6671875 0.0765625 0.059375
2 0.846875 0.43125 0.1 0.059375
2 0.6953125 0.4671875 0.0796875 0.0765625
2 0.48125 0.5625 0.0765625 0.075
2 0.44375 0.5 0.0859375 0.06875
2 0.7125 0.2484375 0.0625 0.084375
2 0.7609375 0.3046875 0.1 0.075
2 0.1265625 0.6140625 0.059375 0.075
2 0.7171875 0.3140625 0.05 0.053125
2 0.9265625 0.5265625 0.0578125 0.0828125
2 0.559375 0.8015625 0.05625 0.0796875
1 0.0828125 0.7671875 0.028125 0.0328125
0 0.1125 0.6125 0.0359375 0.028125
0 0.4578125 0.809375 0.034375 0.0359375
1 0.4828125 0.55 0.021875 0.03125
0 0.775 0.6703125 0.0328125 0.028125
1 0.690625 0.6921875 0.0359375 0.0359375
0 0.9171875 0.5171875 0.03125 0.028125
1 0.846875 0.44375 0.025 0.0328125
1 0.6984375 0.459375 0.0296875 0.0390625
0 0.75 0.29375 0.028125 0.0328125
1 0.709375 0.315625 0.0203125 0.028125
1 0.4375 0.5078125 0.0265625 0.03125
1 0.7265625 0.275 0.025 0.03125