2 0.3890625 0.484375 0.078125 0.0828125
2 0.2578125 0.3125 0.084375 0.0828125
2 0.775 0.65625 0.0875 0.0828125
2 0.7125 0.7921875 0.09375 0.0984375
2 0.7609375 0.75625 0.0796875 0.1
2 0.5515625 0.5546875 0.115625 0.0796875
2 0.6359375 0.428125 0.1015625 0.0640625
2 0.4515625 0.121875 0.090625 0.0734375
2 0.9515625 0.5890625 0.0875 0.0875
2 0.578125 0.34375 0.075 0.065625
2 0.0671875 0.1453125 0.0875 0.0640625
2 0.090625 0.265625 0.096875 0.075
2 0.4421875 0.1984375 0.0921875 0.0859375
2 0.796875 0.5203125 0.053125 0.040625
2 0.725 0.534375 0.065625 0.0515625
2 0.5453125 0.85625 0.0859375 0.053125
2 0.9265625 0.65 0.075 0.0578125
2 0.74375 0.4890625 0.0453125 0.05625
1 0.259375 0.3125 0.0421875 0.040625
0 0.4484375 0.109375 0.034375 0.0453125
1 0.384375 0.4875 0.0390625 0.0375
1 0.5625 0.565625 0.040625 0.0421875
1 0.634375 0.4203125 0.0328125 0.0375
0 0.5625 0.3328125 0.03125 0.0421875
1 0.7796875 0.653125 0.028125 0.040625
1 0.75 0.75625 0.0375 0.0328125
1 0.7203125 0.8 0.0421875 0.0375
0 0.9421875 0.5984375 0.0359375 0.0375
0 0.9203125 0.646875 0.0390625 0.0375
0 0.746875 0.478125 0.0328125 0.0359375
1 0.071875 0.153125 0.0296875 0.028125