2 0.765625 0.5859375 0.04375 0.103125
2 0.8796875 0.7890625 0.0796875 0.046875
2 0.9015625 0.75 0.0515625 0.0640625
2 0.3015625 0.4265625 0.0640625 0.0890625
2 0.3109375 0.215625 0.0859375 0.103125
2 0.184375 0.196875 0.0640625 0.065625
2 0.6171875 0.5296875 0.0796875 0.1078125
2 0.6125 0.6375 0.0734375 0.10625
2 0.4328125 0.5109375 0.065625 0.0859375
2 0.534375 0.6125 0.0890625 0.0875
2 0.421875 0.3953125 0.0859375 0.075
2 0.671875 0.8015625 0.071875 0.075
2 0.515625 0.80625 0.071875 0.08125
2 0.46875 0.8015625 0.0640625 0.08125
2 0.659375 0.721875 0.059375 0.0734375
2 0.7078125 0.746875 0.0796875 0.0625
2 0.071875 0.346875 0.0515625 0.0421875
2 0.209375 0.040625 0.0796875 0.0421875
2 0.2375 0.4125 0.0734375 0.0921875
2 0.3265625 0.5484375 0.0828125 0.08125
2 0.3546875 0.6421875 0.046875 0.08125
2 0.4671875 0.453125 0.06875 0.10625
2 0.328125 0.475 0.0640625 0.059375
1 0.896875 0.771875 0.03125 0.034375
1 0.8484375 0.8046875 0.0328125 0.0375
1 0.48125 0.79375 0.034375 0.0328125
1 0.503125 0.809375 0.034375 0.040625
1 0.64375 0.7484375 0.0359375 0.0296875
0 0.771875 0.546875 0.0359375 0.0515625
1 0.6640625 0.7984375 0.0359375 0.0328125
1 0.3578125 0.6453125 0.03125 0.0359375
0 0.3234375 0.5640625 0.0359375 0.0515625
1 0.4265625 0.50625 0.0328125 0.0375
2 0.3625 0.553125 0.0703125 0.0859375
1 0.365625 0.5515625 0.028125 0.034375
1 0.4125 0.3984375 0.0359375 0.034375
1 0.29375 0.415625 0.028125 0.0359375
0 0.184375 0.0234375 0.0421875 0.0390625
1 0.3234375 0.2046875 0.0359375 0.0375
1 0.0859375 0.3359375 0.0359375 0.0328125
1 0.1703125 0.1875 0.0265625 0.0359375