2 0.2015625 0.3890625 0.0703125 0.0453125
2 0.4765625 0.5703125 0.0515625 0.065625
2 0.6015625 0.9625 0.05625 0.0578125
2 0.3109375 0.459375 0.0515625 0.0703125
2 0.20625 0.2328125 0.05625 0.046875
2 0.3453125 0.584375 0.053125 0.0578125
2 0.1453125 0.44375 0.053125 0.0546875
2 0.25 0.5734375 0.0484375 0.059375
2 0.284375 0.5453125 0.0453125 0.05625
2 0.34375 0.5140625 0.0515625 0.0546875
2 0.4265625 0.6421875 0.059375 0.0421875
2 0.4703125 0.8203125 0.05 0.046875
2 0.503125 0.96875 0.0484375 0.0421875
2 0.3875 0.46875 0.0578125 0.0515625
2 0.5921875 0.7765625 0.04375 0.059375
2 0.1265625 0.33125 0.0484375 0.0515625
2 0.475 0.8609375 0.0578125 0.04375