2 0.0546875 0.2234375 0.0703125 0.078125
2 0.171875 0.15625 0.0484375 0.1140625
2 0.8671875 0.4046875 0.078125 0.090625
2 0.859375 0.5875 0.06875 0.096875
2 0.665625 0.4828125 0.1015625 0.05625
2 0.5984375 0.503125 0.1140625 0.0515625
2 0.5015625 0.45 0.0625 0.0984375
2 0.4375 0.4921875 0.0734375 0.1046875
2 0.246875 0.2796875 0.0765625 0.04375
2 0.271875 0.33125 0.096875 0.0765625
2 0.6609375 0.33125 0.0640625 0.0734375
2 0.715625 0.3578125 0.0375 0.059375
2 0.196875 0.1140625 0.0453125 0.059375
2 0.5625 0.1421875 0.0546875 0.05
2 0.56875 0.19375 0.1109375 0.0703125
2 0.875 0.878125 0.08125 0.075
1 0.0609375 0.2265625 0.03125 0.0375
0 0.15625 0.1546875 0.0359375 0.0328125
1 0.184375 0.1140625 0.0265625 0.025
1 0.271875 0.2859375 0.0296875 0.028125
1 0.2703125 0.334375 0.0328125 0.034375
1 0.5640625 0.1546875 0.021875 0.025
0 0.4203125 0.4984375 0.0421875 0.03125
1 0.521875 0.4515625 0.0375 0.0328125
0 0.671875 0.325 0.0359375 0.028125
0 0.715625 0.3390625 0.021875 0.0359375
1 0.6625 0.465625 0.0328125 0.0328125
1 0.6015625 0.51875 0.028125 0.0359375
1 0.5609375 0.1828125 0.0375 0.0390625
0 0.8484375 0.403125 0.040625 0.028125
1 0.8765625 0.8921875 0.0265625 0.0296875
2 0.696875 0.4171875 0.075 0.0515625
0 0.6953125 0.415625 0.075 0.0515625