2 0.2875 0.1875 0.121875 0.0765625
2 0.0859375 0.4078125 0.1015625 0.1296875
2 0.2828125 0.43125 0.1171875 0.0890625
2 0.3640625 0.6640625 0.0671875 0.071875
2 0.3140625 0.69375 0.05625 0.0984375
2 0.3359375 0.8140625 0.115625 0.0859375
2 0.1359375 0.8171875 0.096875 0.065625
0 0.259375 0.1625 0.0515625 0.0328125
1 0.2828125 0.4484375 0.034375 0.040625
0 0.1171875 0.4109375 0.0546875 0.0359375
0 0.3328125 0.8421875 0.0375 0.0421875
0 0.153125 0.8015625 0.0453125 0.0515625
0 0.3171875 0.715625 0.0375 0.05625