2 0.3203125 0.8203125 0.05625 0.04375
2 0.2734375 0.765625 0.0578125 0.040625
2 0.2328125 0.84375 0.04375 0.0484375
2 0.3828125 0.834375 0.0453125 0.0515625
2 0.3921875 0.8 0.05625 0.0453125
2 0.3125 0.8640625 0.0484375 0.03125
2 0.7 0.83125 0.05625 0.0453125
2 0.59375 0.796875 0.0609375 0.0484375
2 0.5984375 0.828125 0.0515625 0.040625
2 0.6109375 0.728125 0.040625 0.04375
2 0.671875 0.640625 0.0421875 0.034375
2 0.65 0.6828125 0.0390625 0.0328125
2 0.3390625 0.8734375 0.040625 0.0234375
2 0.5015625 0.809375 0.0453125 0.0375
2 0.2671875 0.840625 0.05 0.0359375
2 0.3625 0.775 0.0453125 0.0390625
2 0.4140625 0.8078125 0.0421875 0.0453125
2 0.325 0.69375 0.0359375 0.0359375
2 0.2859375 0.6890625 0.059375 0.0390625
2 0.271875 0.715625 0.05 0.028125
2 0.2890625 0.6390625 0.0703125 0.0390625
2 0.3875 0.625 0.046875 0.0390625
2 0.4890625 0.6078125 0.053125 0.04375
2 0.4109375 0.709375 0.0328125 0.0359375
2 0.9671875 0.5140625 0.03125 0.040625
2 0.9765625 0.5578125 0.0328125 0.0375
2 0.85 0.5375 0.046875 0.0234375
2 0.7828125 0.4828125 0.0234375 0.040625
2 0.871875 0.4140625 0.046875 0.021875
2 0.8953125 0.55625 0.028125 0.0328125
2 0.88125 0.4796875 0.034375 0.025
2 0.6921875 0.503125 0.0375 0.04375
2 0.6359375 0.4703125 0.0296875 0.0359375
2 0.7890625 0.575 0.025 0.0328125
2 0.4796875 0.6375 0.046875 0.01875
2 0.4984375 0.6609375 0.040625 0.0234375
2 0.346875 0.6015625 0.04375 0.065625