2 0.59375 0.159375 0.0671875 0.05625
2 0.1703125 0.040625 0.09375 0.06875
2 0.1859375 0.1671875 0.0875 0.05625
2 0.1640625 0.1171875 0.071875 0.05625
2 0.0796875 0.1953125 0.0796875 0.0796875
2 0.8953125 0.815625 0.0515625 0.0875
2 0.284375 0.0328125 0.0765625 0.0609375
1 0.90625 0.8203125 0.03125 0.040625
1 0.6015625 0.1484375 0.0296875 0.034375
1 0.28125 0.034375 0.03125 0.03125
0 0.171875 0.034375 0.0359375 0.04375
1 0.2015625 0.1671875 0.03125 0.0328125
2 0.084375 0.2453125 0.0734375 0.0515625
1 0.0734375 0.234375 0.034375 0.0234375
1 0.071875 0.2046875 0.0359375 0.034375
1 0.159375 0.1328125 0.0375 0.0359375