2 0.2515625 0.746875 0.0734375 0.0640625
2 0.1578125 0.7453125 0.075 0.0765625
2 0.209375 0.815625 0.1015625 0.0625
2 0.4671875 0.4484375 0.08125 0.071875
2 0.7390625 0.115625 0.0734375 0.0984375
2 0.2734375 0.440625 0.075 0.0875
2 0.3046875 0.8859375 0.0671875 0.0578125
2 0.4046875 0.5453125 0.0828125 0.0671875
2 0.3296875 0.50625 0.1078125 0.0640625
2 0.6828125 0.396875 0.065625 0.065625
2 0.09375 0.4921875 0.0734375 0.0578125
2 0.1734375 0.365625 0.078125 0.0546875
2 0.56875 0.3640625 0.0703125 0.096875
0 0.7296875 0.1140625 0.0375 0.034375
2 0.496875 0.0640625 0.0703125 0.075
2 0.740625 0.1875 0.0890625 0.0828125
2 0.3765625 0.2046875 0.071875 0.0640625
0 0.3765625 0.2109375 0.0265625 0.034375
0 0.6671875 0.390625 0.0375 0.0296875
0 0.553125 0.36875 0.034375 0.0359375
0 0.4609375 0.45 0.0328125 0.0375
0 0.325 0.5203125 0.028125 0.0390625
1 0.26875 0.446875 0.028125 0.0359375
0 0.090625 0.48125 0.028125 0.0390625
2 0.1953125 0.384375 0.046875 0.065625
0 0.20625 0.384375 0.0375 0.0359375
0 0.1546875 0.746875 0.03125 0.0328125
1 0.253125 0.74375 0.028125 0.0359375
0 0.296875 0.9015625 0.021875 0.0328125
1 0.2109375 0.8328125 0.025 0.0296875
0 0.0671875 0.4375 0.0328125 0.0328125
2 0.0546875 0.4453125 0.0640625 0.0578125