2 0.4890625 0.2875 0.0703125 0.1015625
2 0.675 0.6421875 0.0765625 0.0703125
2 0.784375 0.3984375 0.0796875 0.0765625
2 0.5453125 0.7328125 0.0703125 0.0609375
2 0.353125 0.478125 0.0984375 0.0734375
2 0.165625 0.6203125 0.0671875 0.0828125
2 0.4171875 0.7015625 0.0703125 0.084375
2 0.2328125 0.5671875 0.0703125 0.084375
2 0.31875 0.409375 0.0765625 0.075
2 0.6109375 0.440625 0.0578125 0.0828125
2 0.2828125 0.8328125 0.075 0.0671875
2 0.3078125 0.515625 0.059375 0.0984375
2 0.228125 0.425 0.0546875 0.084375
2 0.35 0.7140625 0.05625 0.0890625
2 0.309375 0.609375 0.05 0.046875
0 0.290625 0.8328125 0.034375 0.025
1 0.3359375 0.7171875 0.025 0.021875
0 0.425 0.7046875 0.0359375 0.025
0 0.5484375 0.734375 0.03125 0.03125
0 0.6765625 0.6375 0.028125 0.0296875
1 0.2921875 0.6078125 0.021875 0.021875
1 0.1625 0.634375 0.0296875 0.021875
1 0.2359375 0.5625 0.025 0.0296875
1 0.2984375 0.515625 0.028125 0.025
0 0.3625 0.4671875 0.03125 0.0390625
0 0.6203125 0.45 0.028125 0.0328125
0 0.31875 0.4234375 0.0296875 0.0296875
0 0.23125 0.4515625 0.0328125 0.0375
1 0.4875 0.2859375 0.0296875 0.03125
1 0.7859375 0.4046875 0.025 0.025