2 0.0515625 0.1640625 0.078125 0.0609375
2 0.4 0.2453125 0.08125 0.0765625
2 0.259375 0.3859375 0.09375 0.0578125
2 0.3296875 0.428125 0.06875 0.08125
2 0.9234375 0.8234375 0.115625 0.0765625
2 0.784375 0.70625 0.0640625 0.0671875
2 0.84375 0.7171875 0.05625 0.0578125
1 0.04375 0.175 0.0265625 0.0328125
1 0.4109375 0.2421875 0.028125 0.0359375
1 0.265625 0.3953125 0.0328125 0.03125
0 0.3359375 0.4109375 0.040625 0.0375
0 0.928125 0.8109375 0.0390625 0.05
1 0.8 0.6875 0.028125 0.034375
1 0.828125 0.7046875 0.0265625 0.0359375