2 0.765625 0.86875 0.04375 0.0421875
2 0.4796875 0.3953125 0.046875 0.04375
2 0.134375 0.1984375 0.0546875 0.05
2 0.2921875 0.2890625 0.04375 0.0421875
2 0.3875 0.359375 0.0609375 0.0515625
2 0.578125 0.4828125 0.0484375 0.0546875
2 0.5484375 0.4234375 0.0640625 0.0484375
2 0.6890625 0.634375 0.05625 0.0734375
2 0.6640625 0.5578125 0.0390625 0.0609375
2 0.6015625 0.521875 0.0359375 0.0484375
2 0.6328125 0.509375 0.046875 0.059375
2 0.3890625 0.4671875 0.04375 0.0328125
2 0.4171875 0.75625 0.0265625 0.05
2 0.2578125 0.45 0.0265625 0.0421875
2 0.4734375 0.346875 0.0453125 0.0359375
2 0.446875 0.34375 0.0203125 0.0390625