2 0.2484375 0.271875 0.059375 0.0703125
2 0.4234375 0.4859375 0.059375 0.065625
2 0.19375 0.315625 0.0578125 0.05625
2 0.6890625 0.459375 0.0640625 0.05625
2 0.3375 0.6046875 0.0546875 0.0671875
2 0.4890625 0.66875 0.0484375 0.059375
2 0.828125 0.784375 0.05 0.059375
2 0.825 0.671875 0.0546875 0.05
2 0.5375 0.7921875 0.0609375 0.0671875
2 0.565625 0.3546875 0.0546875 0.046875
2 0.271875 0.478125 0.0421875 0.0375
2 0.14375 0.25 0.04375 0.0421875
2 0.540625 0.7375 0.034375 0.05
2 0.5421875 0.5921875 0.06875 0.075
2 0.571875 0.3859375 0.05 0.053125
2 0.51875 0.384375 0.0609375 0.046875
2 0.321875 0.4546875 0.0421875 0.0546875