2 0.3875 0.665625 0.0796875 0.08125
2 0.2171875 0.3515625 0.078125 0.0859375
2 0.2578125 0.4328125 0.0828125 0.0796875
2 0.525 0.30625 0.0703125 0.075
2 0.4171875 0.384375 0.078125 0.059375
2 0.365625 0.5125 0.0828125 0.075
2 0.703125 0.73125 0.0859375 0.0640625
2 0.3203125 0.2625 0.071875 0.0765625
2 0.9328125 0.48125 0.071875 0.0625
2 0.38125 0.215625 0.0515625 0.0796875
2 0.334375 0.16875 0.0828125 0.065625
2 0.4609375 0.2875 0.059375 0.0765625
2 0.7109375 0.6125 0.0484375 0.0703125
0 0.909375 0.4921875 0.0328125 0.0296875
0 0.7015625 0.7390625 0.021875 0.03125
1 0.3796875 0.66875 0.028125 0.025
1 0.3640625 0.5125 0.0296875 0.0328125
0 0.25 0.4390625 0.0296875 0.0328125
0 0.2203125 0.3453125 0.0265625 0.034375
1 0.3125 0.2625 0.0234375 0.0296875
0 0.415625 0.3921875 0.0265625 0.0296875