2 0.0671875 0.6359375 0.0953125 0.08125
2 0.5046875 0.6703125 0.071875 0.0984375
2 0.403125 0.725 0.096875 0.090625
2 0.4375 0.9234375 0.0796875 0.08125
2 0.634375 0.4296875 0.0796875 0.09375
2 0.5671875 0.4203125 0.071875 0.0796875
2 0.4984375 0.53125 0.0890625 0.0734375
2 0.5578125 0.5671875 0.084375 0.0640625
2 0.3359375 0.59375 0.0703125 0.075
2 0.61875 0.2125 0.09375 0.0796875
2 0.7328125 0.0703125 0.109375 0.075
2 0.821875 0.15625 0.08125 0.1125
2 0.9484375 0.11875 0.0703125 0.125
2 0.8953125 0.159375 0.075 0.075
2 0.8796875 0.2484375 0.078125 0.09375
2 0.6078125 0.328125 0.0453125 0.06875
0 0.4296875 0.9046875 0.034375 0.04375
1 0.0640625 0.6484375 0.0296875 0.040625
0 0.415625 0.7203125 0.0453125 0.0328125
1 0.34375 0.5921875 0.0359375 0.0390625
1 0.5203125 0.6671875 0.0390625 0.0234375
1 0.5453125 0.5515625 0.025 0.0375
1 0.5046875 0.5390625 0.0328125 0.034375
1 0.6453125 0.44375 0.0328125 0.034375
1 0.5671875 0.425 0.03125 0.0359375
0 0.6046875 0.2109375 0.0359375 0.03125
0 0.8625 0.2140625 0.040625 0.0359375
0 0.728125 0.0578125 0.034375 0.0421875
0 0.803125 0.1671875 0.0421875 0.0359375
0 0.8859375 0.1421875 0.0359375 0.0515625
0 0.9640625 0.1203125 0.040625 0.034375