2 0.6828125 0.4109375 0.0640625 0.05625
2 0.675 0.46875 0.0640625 0.0546875
2 0.9578125 0.6546875 0.05625 0.0453125
2 0.6265625 0.4703125 0.040625 0.0421875
2 0.5359375 0.4328125 0.0453125 0.05
2 0.4875 0.4171875 0.05625 0.0421875
2 0.3828125 0.3296875 0.05 0.0375
2 0.2140625 0.2421875 0.05 0.0484375
2 0.3328125 0.2015625 0.046875 0.0421875
2 0.375 0.234375 0.059375 0.0453125
2 0.4765625 0.4890625 0.05 0.0453125
2 0.89375 0.6375 0.0671875 0.0546875
2 0.66875 0.5265625 0.05625 0.0453125
2 0.55625 0.3109375 0.0421875 0.0359375
2 0.51875 0.3515625 0.059375 0.046875
2 0.7125 0.528125 0.0578125 0.046875
2 0.76875 0.5703125 0.05 0.034375
2 0.41875 0.3984375 0.0671875 0.071875
2 0.84375 0.659375 0.046875 0.0625