2 0.4546875 0.1421875 0.0859375 0.059375
2 0.1953125 0.5546875 0.05625 0.096875
2 0.5171875 0.5125 0.0609375 0.0859375
2 0.578125 0.4625 0.0796875 0.0671875
2 0.3875 0.3234375 0.084375 0.0625
2 0.446875 0.3 0.0609375 0.059375
2 0.6546875 0.240625 0.0625 0.0703125
2 0.51875 0.2578125 0.0546875 0.071875
1 0.1890625 0.5578125 0.025 0.0234375
0 0.5140625 0.5140625 0.0359375 0.03125
0 0.5765625 0.475 0.0296875 0.034375
0 0.3875 0.33125 0.028125 0.034375
0 0.4546875 0.134375 0.0234375 0.0328125
1 0.6625 0.240625 0.025 0.03125
0 0.459375 0.3125 0.0328125 0.0265625