1 0.2375 0.1625 0.03125 0.0328125
0 0.0578125 0.3234375 0.03125 0.0296875
1 0.9125 0.3390625 0.0265625 0.0265625
1 0.840625 0.728125 0.03125 0.0359375
1 0.3046875 0.5140625 0.0265625 0.0296875
1 0.43125 0.575 0.028125 0.0296875
1 0.178125 0.6765625 0.025 0.03125
1 0.9734375 0.8375 0.0234375 0.040625
0 0.6046875 0.4421875 0.034375 0.0265625
1 0.3140625 0.68125 0.0265625 0.0296875
0 0.3375 0.4765625 0.03125 0.0390625
2 0.2375 0.15625 0.09375 0.090625
2 0.0671875 0.3234375 0.09375 0.1078125
2 0.171875 0.678125 0.09375 0.0984375
2 0.3359375 0.4578125 0.1203125 0.0609375
2 0.3015625 0.5265625 0.0765625 0.08125
2 0.3171875 0.6828125 0.09375 0.0921875
2 0.4390625 0.5859375 0.08125 0.090625
2 0.9046875 0.3453125 0.0875 0.084375
2 0.8453125 0.74375 0.09375 0.09375
2 0.95625 0.8359375 0.0828125 0.11875
2 0.2609375 0.765625 0.09375 0.1109375
2 0.590625 0.440625 0.090625 0.078125