2 0.3640625 0.409375 0.05625 0.0625
2 0.6828125 0.46875 0.0453125 0.071875
2 0.409375 0.3546875 0.0484375 0.0484375
2 0.425 0.4203125 0.0453125 0.059375
2 0.5 0.4875 0.0328125 0.053125
2 0.2484375 0.04375 0.0484375 0.0375
2 0.55 0.46875 0.040625 0.05625
2 0.1921875 0.3671875 0.040625 0.05
2 0.6140625 0.3265625 0.0828125 0.0625
2 0.3125 0.265625 0.05625 0.05625
2 0.8265625 0.815625 0.0453125 0.0546875
2 0.33125 0.21875 0.040625 0.046875
2 0.7375 0.5078125 0.0421875 0.0546875
2 0.26875 0.49375 0.0671875 0.040625
2 0.1578125 0.1671875 0.0609375 0.0546875