2 0.3328125 0.4015625 0.0796875 0.0953125
2 0.3640625 0.196875 0.090625 0.0671875
2 0.1953125 0.0296875 0.0984375 0.0421875
2 0.09375 0.125 0.078125 0.0953125
2 0.7796875 0.5890625 0.075 0.1109375
2 0.771875 0.834375 0.0921875 0.084375
2 0.9640625 0.8875 0.059375 0.0796875
2 0.3890625 0.6234375 0.0703125 0.0953125
2 0.0734375 0.3859375 0.071875 0.0578125
2 0.2546875 0.3515625 0.059375 0.0703125
0 0.078125 0.39375 0.0296875 0.0375
0 0.2671875 0.365625 0.0328125 0.0390625
1 0.0859375 0.1265625 0.0375 0.04375
1 0.190625 0.0359375 0.0390625 0.0296875
1 0.359375 0.1859375 0.0296875 0.0421875
1 0.3453125 0.4046875 0.0390625 0.034375
1 0.3734375 0.6203125 0.0328125 0.0328125
0 0.790625 0.5765625 0.0515625 0.0390625
0 0.7734375 0.83125 0.0421875 0.0390625
1 0.9640625 0.8796875 0.0328125 0.0359375