2 0.3125 0.3078125 0.078125 0.084375
2 0.0796875 0.7296875 0.10625 0.0671875
2 0.240625 0.8703125 0.05625 0.096875
2 0.3328125 0.815625 0.1109375 0.05625
2 0.3734375 0.8671875 0.0671875 0.0640625
2 0.3421875 0.75625 0.053125 0.071875
2 0.34375 0.7140625 0.078125 0.0640625
2 0.8234375 0.240625 0.065625 0.075
2 0.921875 0.39375 0.059375 0.0859375
2 0.925 0.5703125 0.05625 0.0671875
2 0.875 0.5828125 0.0453125 0.071875
2 0.8328125 0.6125 0.0484375 0.0671875
2 0.746875 0.41875 0.0625 0.09375
2 0.7703125 0.3296875 0.078125 0.0640625
2 0.728125 0.3453125 0.0546875 0.06875
2 0.6671875 0.3859375 0.0859375 0.075
2 0.590625 0.3609375 0.05625 0.0984375
2 0.546875 0.4125 0.0859375 0.0546875
2 0.5765625 0.4515625 0.0796875 0.05625
2 0.5328125 0.4890625 0.0609375 0.05625
2 0.49375 0.4640625 0.0515625 0.075
2 0.5921875 0.8 0.075 0.059375
2 0.6640625 0.61875 0.0609375 0.0859375
2 0.80625 0.5375 0.096875 0.0578125
2 0.6578125 0.7265625 0.0703125 0.0796875
2 0.6015625 0.7375 0.040625 0.065625
2 0.71875 0.578125 0.0609375 0.0828125
2 0.7203125 0.6484375 0.046875 0.0484375
2 0.83125 0.40625 0.05625 0.06875
0 0.084375 0.740625 0.0328125 0.040625
1 0.2546875 0.86875 0.03125 0.03125
0 0.3296875 0.83125 0.0265625 0.040625
1 0.35625 0.7578125 0.0296875 0.028125
0 0.3109375 0.3078125 0.0328125 0.0359375
1 0.5921875 0.809375 0.0296875 0.0328125
1 0.609375 0.7359375 0.0234375 0.0296875
0 0.6484375 0.7109375 0.0328125 0.0375
1 0.653125 0.61875 0.03125 0.0296875
1 0.7078125 0.6609375 0.028125 0.0296875
1 0.7234375 0.5796875 0.0328125 0.034375
1 0.9125 0.5859375 0.0328125 0.034375
1 0.80625 0.5203125 0.0328125 0.028125
1 0.928125 0.39375 0.0375 0.025
1 0.75625 0.4203125 0.0375 0.0328125
1 0.8125 0.2421875 0.028125 0.0328125
1 0.7671875 0.3140625 0.0328125 0.040625
1 0.7171875 0.3484375 0.03125 0.0328125
0 0.65625 0.3765625 0.0453125 0.0453125
1 0.5375 0.4890625 0.028125 0.025
1 0.503125 0.471875 0.028125 0.034375
1 0.5828125 0.4578125 0.0296875 0.0296875
2 0.509375 0.940625 0.0484375 0.0671875
1 0.496875 0.946875 0.028125 0.0234375
0 0.5671875 0.428125 0.0296875 0.0296875
1 0.578125 0.3671875 0.0234375 0.0296875
1 0.8859375 0.590625 0.025 0.0234375
1 0.846875 0.6140625 0.0296875 0.034375
1 0.371875 0.8671875 0.028125 0.03125
2 0.3875 0.95 0.046875 0.0484375
1 0.3890625 0.9375 0.0234375 0.025