2 0.6640625 0.39375 0.0796875 0.06875
2 0.640625 0.484375 0.103125 0.059375
2 0.246875 0.71875 0.071875 0.0734375
2 0.2484375 0.615625 0.0796875 0.0828125
2 0.3984375 0.8578125 0.059375 0.0828125
2 0.428125 0.896875 0.0734375 0.053125
2 0.4296875 0.9671875 0.0421875 0.0625
2 0.1640625 0.3203125 0.0671875 0.059375
2 0.746875 0.040625 0.0640625 0.0609375
1 0.4234375 0.884375 0.028125 0.0328125
0 0.4125 0.865625 0.0375 0.03125
0 0.246875 0.7234375 0.034375 0.0421875
1 0.240625 0.609375 0.0328125 0.03125
0 0.6421875 0.4703125 0.0296875 0.0359375
1 0.65625 0.403125 0.025 0.034375
1 0.7609375 0.04375 0.028125 0.0234375
2 0.83125 0.475 0.053125 0.0546875
1 0.8265625 0.4765625 0.0234375 0.03125
1 0.16875 0.3171875 0.0296875 0.028125