2 0.478125 0.090625 0.0703125 0.0578125
2 0.5171875 0.621875 0.065625 0.0734375
2 0.3515625 0.746875 0.0546875 0.0609375
2 0.5484375 0.490625 0.05 0.05625
2 0.353125 0.15 0.059375 0.0859375
2 0.540625 0.1921875 0.0734375 0.05625
2 0.6171875 0.5046875 0.0625 0.0609375
2 0.228125 0.7703125 0.05625 0.040625
2 0.4640625 0.6734375 0.0625 0.046875
2 0.290625 0.728125 0.0484375 0.05625
2 0.7375 0.2921875 0.040625 0.0375
2 0.225 0.803125 0.05 0.04375
2 0.7890625 0.125 0.065625 0.0546875
2 0.7703125 0.2328125 0.046875 0.034375
2 0.315625 0.18125 0.0375 0.0625
2 0.2796875 0.240625 0.0625 0.059375
2 0.4578125 0.178125 0.05 0.0640625
2 0.3796875 0.184375 0.05625 0.0609375
2 0.4 0.128125 0.0453125 0.0515625
2 0.8015625 0.0765625 0.05 0.0421875
2 0.7484375 0.0609375 0.0546875 0.0421875
2 0.7875 0.05 0.0484375 0.040625
2 0.6890625 0.05 0.04375 0.034375
2 0.66875 0.25625 0.03125 0.0640625
2 0.6546875 0.0640625 0.04375 0.0421875
2 0.4 0.359375 0.0609375 0.053125
2 0.678125 0.45625 0.04375 0.03125
2 0.6484375 0.484375 0.0671875 0.0390625
2 0.46875 0.5328125 0.05 0.046875
2 0.4078125 0.4578125 0.0921875 0.0546875
2 0.503125 0.453125 0.0703125 0.0609375
2 0.559375 0.35625 0.065625 0.0375
2 0.3953125 0.7078125 0.0625 0.0453125
2 0.5703125 0.5578125 0.0546875 0.0453125
2 0.425 0.503125 0.0609375 0.028125
2 0.3234375 0.578125 0.0671875 0.059375
2 0.1015625 0.725 0.0640625 0.059375
2 0.2984375 0.7640625 0.0609375 0.0703125
2 0.0671875 0.5125 0.08125 0.05625
2 0.2046875 0.6015625 0.0515625 0.0515625
2 0.1578125 0.559375 0.05625 0.040625
2 0.6890625 0.0765625 0.0484375 0.034375
2 0.646875 0.3625 0.0484375 0.0546875
2 0.7453125 0.228125 0.0625 0.046875
2 0.6953125 0.346875 0.040625 0.034375
2 0.715625 0.3984375 0.0453125 0.0234375
2 0.4859375 0.6640625 0.0609375 0.0265625
2 0.328125 0.75625 0.03125 0.0546875
2 0.0328125 0.54375 0.05 0.034375