2 0.4890625 0.7171875 0.05625 0.0859375
2 0.6 0.8390625 0.065625 0.0515625
2 0.9609375 0.39375 0.0703125 0.0515625
2 0.428125 0.8828125 0.0609375 0.0609375
2 0.446875 0.484375 0.078125 0.065625
2 0.4640625 0.465625 0.0609375 0.0609375
2 0.7203125 0.5 0.05625 0.05
2 0.3828125 0.6828125 0.065625 0.04375
2 0.6734375 0.4921875 0.0484375 0.0453125
2 0.721875 0.815625 0.053125 0.0328125
2 0.425 0.853125 0.059375 0.0359375
0 0.6 0.8484375 0.0203125 0.028125
1 0.503125 0.7265625 0.0234375 0.0234375
1 0.3609375 0.6734375 0.0203125 0.0203125
1 0.415625 0.859375 0.01875 0.0203125
2 0.3796875 0.8953125 0.0671875 0.040625
0 0.421875 0.89375 0.025 0.034375
1 0.4703125 0.4796875 0.021875 0.0203125
1 0.728125 0.5 0.0203125 0.01875
0 0.671875 0.48125 0.0265625 0.0296875
0 0.978125 0.38125 0.0234375 0.0296875
1 0.3859375 0.8859375 0.0203125 0.025