2 0.1546875 0.759375 0.06875 0.0703125
2 0.3015625 0.575 0.0625 0.053125
2 0.5359375 0.4953125 0.0515625 0.0734375
2 0.4203125 0.1078125 0.046875 0.0484375
2 0.4515625 0.1359375 0.0515625 0.075
2 0.4859375 0.4984375 0.0625 0.0609375
2 0.3703125 0.390625 0.0796875 0.05625
2 0.5203125 0.1828125 0.0671875 0.0703125
0 0.1515625 0.75 0.0296875 0.0203125
0 0.4875 0.48125 0.025 0.034375
1 0.540625 0.49375 0.021875 0.0234375
0 0.3734375 0.3828125 0.0265625 0.034375
1 0.44375 0.1390625 0.021875 0.0296875