2 0.7125 0.0484375 0.0640625 0.09375
2 0.7640625 0.059375 0.06875 0.05
2 0.6328125 0.0625 0.0640625 0.0875
2 0.553125 0.34375 0.09375 0.0671875
2 0.3796875 0.4578125 0.0578125 0.0734375
2 0.728125 0.45 0.0609375 0.0890625
2 0.665625 0.4515625 0.065625 0.0734375
2 0.6265625 0.3625 0.0671875 0.075
2 0.65625 0.3828125 0.0609375 0.0984375
2 0.19375 0.9375 0.1015625 0.0640625
2 0.359375 0.5640625 0.1109375 0.0546875
2 0.3015625 0.23125 0.06875 0.065625
2 0.365625 0.1890625 0.0734375 0.0828125
2 0.4875 0.10625 0.084375 0.0921875
2 0.315625 0.5140625 0.0546875 0.06875
2 0.44375 0.871875 0.0796875 0.0671875
2 0.4671875 0.675 0.0828125 0.0671875
2 0.515625 0.465625 0.09375 0.0671875
2 0.60625 0.4859375 0.0578125 0.0765625
2 0.3609375 0.7703125 0.0796875 0.04375
0 0.196875 0.93125 0.03125 0.0328125
0 0.428125 0.8671875 0.0328125 0.0296875
0 0.359375 0.7640625 0.0265625 0.0328125
0 0.4671875 0.678125 0.0359375 0.034375
0 0.3609375 0.5765625 0.0390625 0.034375
0 0.3703125 0.4609375 0.034375 0.028125
0 0.5140625 0.453125 0.0390625 0.0453125
0 0.603125 0.4921875 0.0359375 0.0390625
0 0.7390625 0.4546875 0.0375 0.0296875
0 0.6671875 0.4484375 0.0296875 0.0375
1 0.6671875 0.3859375 0.0359375 0.034375
1 0.628125 0.3640625 0.034375 0.034375
0 0.55625 0.3546875 0.0359375 0.04375
2 0.2625 0.896875 0.0421875 0.0859375
0 0.3046875 0.2453125 0.0234375 0.034375
0 0.36875 0.190625 0.03125 0.0390625
0 0.4828125 0.10625 0.0375 0.0359375
0 0.646875 0.0625 0.0390625 0.0375
0 0.728125 0.0421875 0.0375 0.0359375
0 0.76875 0.0609375 0.0296875 0.0265625
2 0.75 0.4265625 0.04375 0.0578125
0 0.759375 0.4125 0.0265625 0.03125