2 0.4734375 0.353125 0.121875 0.0765625
2 0.865625 0.1453125 0.096875 0.078125
2 0.934375 0.3375 0.0796875 0.090625
2 0.565625 0.6828125 0.1125 0.06875
2 0.7828125 0.5953125 0.0765625 0.08125
2 0.7453125 0.440625 0.075 0.08125
2 0.4953125 0.75625 0.0984375 0.084375
2 0.528125 0.8515625 0.065625 0.05625
2 0.0609375 0.9453125 0.0796875 0.078125
2 0.478125 0.8953125 0.10625 0.065625
2 0.4578125 0.615625 0.0703125 0.059375
1 0.48125 0.88125 0.03125 0.0421875
1 0.5359375 0.8515625 0.0359375 0.03125
0 0.4953125 0.7609375 0.040625 0.0390625
1 0.5640625 0.7 0.0296875 0.040625
1 0.46875 0.628125 0.028125 0.034375
1 0.7828125 0.5984375 0.040625 0.0390625
1 0.7421875 0.4515625 0.034375 0.034375
1 0.9328125 0.3375 0.0375 0.034375
1 0.478125 0.365625 0.0359375 0.0375
1 0.8640625 0.1328125 0.034375 0.0453125
2 0.628125 0.5796875 0.0828125 0.0609375
0 0.615625 0.5859375 0.04375 0.0375
2 0.86875 0.4296875 0.06875 0.09375
0 0.88125 0.440625 0.040625 0.0421875
2 0.2734375 0.9453125 0.0796875 0.0875
1 0.26875 0.9390625 0.0328125 0.0390625
2 0.478125 0.5078125 0.0734375 0.078125