2 0.6984375 0.2828125 0.0625 0.0640625
2 0.6640625 0.6984375 0.053125 0.0515625
2 0.746875 0.5953125 0.0609375 0.0546875
2 0.6546875 0.603125 0.06875 0.046875
2 0.5390625 0.709375 0.0625 0.05625
2 0.4484375 0.759375 0.075 0.0640625
2 0.61875 0.6453125 0.04375 0.0234375
2 0.4390625 0.8265625 0.0515625 0.0484375
2 0.3140625 0.8375 0.0453125 0.0359375
2 0.575 0.31875 0.0515625 0.059375
2 0.7140625 0.534375 0.034375 0.05
2 0.703125 0.3375 0.0515625 0.053125
2 0.1796875 0.871875 0.0421875 0.046875
2 0.6859375 0.465625 0.0453125 0.0421875
2 0.7203125 0.384375 0.04375 0.0453125
2 0.7859375 0.215625 0.03125 0.0484375
2 0.759375 0.2078125 0.0296875 0.05
2 0.434375 0.21875 0.053125 0.0578125
2 0.5875 0.3671875 0.0515625 0.0453125
2 0.3796875 0.5359375 0.0578125 0.0515625
2 0.1484375 0.7953125 0.0171875 0.0453125
2 0.1265625 0.7984375 0.0359375 0.0375
2 0.2828125 0.7984375 0.0640625 0.0375
2 0.5078125 0.58125 0.0484375 0.0484375
2 0.7984375 0.553125 0.059375 0.0625