2 0.8328125 0.65625 0.0578125 0.084375
2 0.890625 0.6671875 0.071875 0.0828125
2 0.3703125 0.728125 0.0734375 0.059375
2 0.2859375 0.3890625 0.0703125 0.071875
2 0.153125 0.4625 0.0875 0.0625
2 0.8546875 0.953125 0.06875 0.0578125
2 0.8296875 0.9015625 0.065625 0.040625
2 0.83125 0.865625 0.06875 0.0421875
2 0.8078125 0.290625 0.05 0.0515625
2 0.6453125 0.8921875 0.0578125 0.09375
2 0.2140625 0.5734375 0.0703125 0.0734375
2 0.2015625 0.51875 0.0859375 0.0484375
2 0.56875 0.853125 0.08125 0.0671875
2 0.725 0.5203125 0.071875 0.06875
1 0.2375 0.0453125 0.040625 0.0296875
0 0.2875 0.371875 0.0375 0.04375
1 0.1609375 0.4515625 0.03125 0.0390625
1 0.1875 0.534375 0.028125 0.0328125
0 0.815625 0.3015625 0.025 0.0359375
0 0.3828125 0.73125 0.0375 0.03125
0 0.628125 0.8828125 0.0359375 0.0375
1 0.821875 0.9 0.040625 0.03125
0 0.8890625 0.65625 0.034375 0.0375
1 0.8484375 0.6671875 0.034375 0.0328125
0 0.5828125 0.8578125 0.0328125 0.034375
2 0.5859375 0.8953125 0.0671875 0.0421875
1 0.8453125 0.9578125 0.0375 0.0328125