2 0.2703125 0.7390625 0.0875 0.0828125
2 0.115625 0.878125 0.103125 0.0703125
2 0.375 0.8390625 0.0703125 0.0890625
2 0.4109375 0.884375 0.065625 0.075
2 0.64375 0.6078125 0.0734375 0.0640625
2 0.640625 0.5640625 0.09375 0.0671875
2 0.8875 0.2625 0.0796875 0.0609375
2 0.3234375 0.91875 0.078125 0.053125
2 0.59375 0.76875 0.084375 0.090625
2 0.4828125 0.8203125 0.090625 0.0828125
2 0.8578125 0.5296875 0.0953125 0.0640625
0 0.1203125 0.8609375 0.040625 0.0390625
0 0.334375 0.9328125 0.040625 0.0296875
0 0.2671875 0.7390625 0.040625 0.0390625
1 0.3671875 0.846875 0.034375 0.0375
1 0.415625 0.8875 0.0296875 0.0390625
1 0.475 0.8265625 0.03125 0.0390625
0 0.6015625 0.784375 0.040625 0.0390625
1 0.6390625 0.6171875 0.0265625 0.0421875
1 0.6421875 0.571875 0.034375 0.0328125
1 0.8703125 0.54375 0.03125 0.0375
1 0.884375 0.26875 0.028125 0.0375