2 0.6671875 0.1875 0.0921875 0.1046875
2 0.590625 0.2921875 0.08125 0.0875
2 0.2328125 0.3078125 0.0921875 0.0875
2 0.1671875 0.3421875 0.0921875 0.065625
2 0.165625 0.4046875 0.0703125 0.075
2 0.1453125 0.0796875 0.0796875 0.103125
2 0.1765625 0.628125 0.065625 0.0515625
0 0.1640625 0.08125 0.046875 0.0390625
1 0.6546875 0.19375 0.0421875 0.0359375
1 0.5859375 0.2921875 0.0359375 0.0328125
1 0.23125 0.3015625 0.0375 0.034375
1 0.1625 0.4015625 0.0375 0.034375
1 0.196875 0.646875 0.0390625 0.03125
1 0.165625 0.35 0.0375 0.0328125