2 0.5484375 0.5171875 0.0890625 0.0671875
2 0.1203125 0.4015625 0.0765625 0.0828125
2 0.2203125 0.2796875 0.084375 0.078125
2 0.1640625 0.0515625 0.0875 0.065625
2 0.2390625 0.209375 0.109375 0.05625
2 0.6328125 0.165625 0.065625 0.05625
2 0.53125 0.0453125 0.0859375 0.0625
2 0.69375 0.7 0.0875 0.05
2 0.6296875 0.4921875 0.0640625 0.0609375
2 0.7546875 0.3734375 0.0546875 0.05625
2 0.66875 0.60625 0.06875 0.065625
1 0.1640625 0.0453125 0.028125 0.03125
1 0.528125 0.04375 0.028125 0.028125
1 0.6359375 0.15625 0.025 0.0328125
0 0.225 0.28125 0.0375 0.0328125
0 0.5484375 0.5078125 0.0328125 0.0375
1 0.6921875 0.709375 0.0234375 0.0359375
2 0.821875 0.7359375 0.084375 0.071875