2 0.6359375 0.4890625 0.103125 0.059375
2 0.06875 0.453125 0.0703125 0.0890625
2 0.625 0.2953125 0.078125 0.0765625
2 0.3828125 0.415625 0.084375 0.065625
2 0.1515625 0.678125 0.084375 0.0671875
2 0.528125 0.1921875 0.090625 0.0625
2 0.5609375 0.2546875 0.0671875 0.046875
0 0.14375 0.671875 0.0265625 0.03125
0 0.0625 0.4546875 0.0296875 0.0296875
1 0.384375 0.428125 0.0296875 0.0296875
1 0.6234375 0.478125 0.028125 0.0265625
1 0.6265625 0.3 0.03125 0.0328125
1 0.55625 0.2671875 0.0234375 0.025
0 0.515625 0.184375 0.0265625 0.0328125