2 0.2578125 0.6453125 0.075 0.06875
2 0.9109375 0.346875 0.103125 0.071875
2 0.8203125 0.278125 0.0875 0.0640625
2 0.3921875 0.421875 0.0609375 0.0953125
2 0.2390625 0.7359375 0.0640625 0.0546875
2 0.3796875 0.4640625 0.0671875 0.0609375
2 0.809375 0.3390625 0.065625 0.05
2 0.7890625 0.3890625 0.0578125 0.046875
2 0.8015625 0.4546875 0.046875 0.065625
2 0.975 0.2546875 0.046875 0.090625
0 0.25625 0.6546875 0.0234375 0.03125
1 0.234375 0.7390625 0.0203125 0.0234375
0 0.378125 0.4265625 0.0359375 0.0265625
1 0.3671875 0.4703125 0.025 0.021875
0 0.8203125 0.275 0.025 0.0265625
0 0.909375 0.359375 0.0296875 0.0359375
1 0.978125 0.265625 0.0265625 0.025
1 0.8078125 0.334375 0.025 0.0203125
0 0.809375 0.4421875 0.0203125 0.025
1 0.7875 0.39375 0.0203125 0.021875