2 0.6171875 0.7984375 0.0984375 0.059375
2 0.4859375 0.4484375 0.0703125 0.0796875
2 0.4921875 0.71875 0.0671875 0.0640625
2 0.4546875 0.66875 0.1046875 0.053125
2 0.740625 0.396875 0.0640625 0.0640625
2 0.628125 0.353125 0.06875 0.053125
2 0.6890625 0.80625 0.0640625 0.0578125
2 0.8859375 0.3875 0.090625 0.046875
2 0.6125 0.24375 0.0671875 0.0671875
2 0.696875 0.3359375 0.04375 0.0609375
2 0.3390625 0.490625 0.0734375 0.0625
2 0.6515625 0.4203125 0.04375 0.0453125
2 0.440625 0.7296875 0.0625 0.0640625
2 0.7640625 0.696875 0.046875 0.0390625
2 0.65625 0.540625 0.059375 0.0578125
0 0.61875 0.784375 0.0296875 0.03125
1 0.6859375 0.815625 0.028125 0.03125
0 0.4546875 0.6578125 0.0265625 0.0296875
1 0.3359375 0.4921875 0.025 0.0234375
1 0.6203125 0.2546875 0.0234375 0.0234375
0 0.4953125 0.4515625 0.03125 0.0234375
1 0.8859375 0.3796875 0.0203125 0.028125
0 0.4890625 0.7015625 0.025 0.028125
1 0.4453125 0.7296875 0.03125 0.025
1 0.63125 0.34375 0.0234375 0.03125
0 0.7046875 0.3546875 0.025 0.034375
0 0.6609375 0.409375 0.03125 0.025