2 0.0953125 0.4953125 0.134375 0.1203125
2 0.3984375 0.2953125 0.11875 0.1765625
2 0.5046875 0.5265625 0.109375 0.18125
2 0.634375 0.2234375 0.1296875 0.1203125
2 0.6703125 0.7078125 0.1484375 0.1375
2 0.7359375 0.5796875 0.096875 0.1703125
2 0.9140625 0.771875 0.1515625 0.134375
0 0.915625 0.796875 0.05 0.05625
1 0.6671875 0.7265625 0.0453125 0.05
1 0.759375 0.58125 0.0453125 0.0390625
1 0.51875 0.525 0.0421875 0.0453125
0 0.415625 0.290625 0.0625 0.046875
1 0.640625 0.2171875 0.0390625 0.0421875
1 0.0890625 0.4828125 0.0453125 0.034375