2 0.4765625 0.4875 0.0703125 0.0796875
2 0.6328125 0.7015625 0.0875 0.0671875
2 0.628125 0.6359375 0.0703125 0.065625
2 0.5640625 0.646875 0.065625 0.065625
2 0.3109375 0.9328125 0.059375 0.08125
2 0.49375 0.6828125 0.0515625 0.0578125
2 0.6234375 0.528125 0.05 0.0640625
2 0.725 0.446875 0.065625 0.05
2 0.6796875 0.4015625 0.0734375 0.0484375
2 0.4140625 0.975 0.0328125 0.0484375
2 0.603125 0.4078125 0.065625 0.0484375
2 0.553125 0.4515625 0.06875 0.0484375
2 0.4640625 0.63125 0.06875 0.0640625
2 0.3671875 0.5578125 0.0578125 0.0640625
2 0.565625 0.5140625 0.046875 0.053125
2 0.5390625 0.5515625 0.0609375 0.0390625
2 0.925 0.4234375 0.03125 0.046875
2 0.440625 0.978125 0.040625 0.040625