2 0.55 0.6484375 0.021875 0.0203125
2 0.4734375 0.6484375 0.025 0.0234375
2 0.55 0.66875 0.01875 0.0203125
2 0.3953125 0.4796875 0.021875 0.021875
2 0.465625 0.4875 0.021875 0.021875
2 0.6828125 0.3765625 0.0203125 0.0203125
2 0.6734375 0.5828125 0.021875 0.0203125
2 0.7703125 0.5640625 0.021875 0.021875
2 0.5921875 0.3296875 0.0203125 0.015625
2 0.528125 0.371875 0.021875 0.01875
2 0.4859375 0.6515625 0.009375 0.01875
1 0.6828125 0.375 0.0109375 0.009375
0 0.775 0.5609375 0.0109375 0.0109375
1 0.3953125 0.48125 0.0109375 0.009375
0 0.5296875 0.3703125 0.0109375 0.0109375
1 0.5890625 0.325 0.009375 0.0125
0 0.4734375 0.64375 0.009375 0.0140625
1 0.5515625 0.6671875 0.009375 0.009375
1 0.5484375 0.65 0.0125 0.0109375
1 0.4640625 0.4890625 0.009375 0.0109375
1 0.4890625 0.6453125 0.0078125 0.009375