2 0.4390625 0.4328125 0.1109375 0.0734375
2 0.253125 0.3796875 0.0765625 0.075
2 0.56875 0.546875 0.084375 0.075
2 0.7234375 0.6515625 0.065625 0.05625
2 0.5578125 0.8546875 0.071875 0.06875
2 0.2140625 0.25625 0.05625 0.0625
2 0.178125 0.49375 0.040625 0.04375
2 0.428125 0.646875 0.0828125 0.05625
2 0.440625 0.6890625 0.05625 0.034375
1 0.5671875 0.55 0.0234375 0.0296875
0 0.45 0.4484375 0.0328125 0.0390625
1 0.2484375 0.38125 0.0234375 0.028125
0 0.1828125 0.5078125 0.021875 0.0265625
1 0.4375 0.6546875 0.021875 0.0234375
1 0.740625 0.665625 0.0234375 0.0328125
1 0.203125 0.25625 0.025 0.01875