2 0.1359375 0.15625 0.09375 0.1125
2 0.196875 0.26875 0.1125 0.0609375
2 0.3515625 0.221875 0.115625 0.1125
2 0.384375 0.45 0.0984375 0.125
2 0.590625 0.0875 0.1703125 0.0984375
2 0.790625 0.9453125 0.1 0.103125
2 0.471875 0.5015625 0.1 0.0875
2 0.475 0.59375 0.090625 0.1109375
2 0.5703125 0.71875 0.084375 0.0859375
2 0.6375 0.659375 0.1125 0.0703125
2 0.5484375 0.590625 0.06875 0.1625
2 0.6234375 0.596875 0.09375 0.0890625
2 0.584375 0.425 0.109375 0.1515625
2 0.765625 0.1671875 0.0765625 0.1015625
2 0.696875 0.2109375 0.0796875 0.059375
2 0.73125 0.25 0.09375 0.0703125
2 0.728125 0.3453125 0.1015625 0.1578125
2 0.8 0.3953125 0.1265625 0.0890625
2 0.8359375 0.453125 0.0859375 0.10625
2 0.9125 0.4578125 0.121875 0.08125
2 0.6703125 0.4609375 0.13125 0.1125
1 0.3515625 0.2171875 0.034375 0.0375
0 0.59375 0.05625 0.040625 0.040625
0 0.709375 0.24375 0.059375 0.0421875
1 0.6328125 0.5984375 0.0296875 0.0328125
0 0.6171875 0.4484375 0.05 0.0421875
0 0.75 0.3484375 0.0625 0.05
1 0.79375 0.40625 0.0359375 0.05
0 0.8859375 0.459375 0.0484375 0.040625
1 0.85625 0.4421875 0.0359375 0.03125
0 0.746875 0.1640625 0.0328125 0.025
1 0.6625 0.4734375 0.034375 0.034375
1 0.571875 0.5875 0.0296875 0.0328125
1 0.778125 0.9546875 0.028125 0.0359375