2 0.8703125 0.375 0.065625 0.071875
2 0.0515625 0.9078125 0.0921875 0.08125
2 0.446875 0.30625 0.071875 0.090625
2 0.41875 0.1578125 0.05625 0.078125
2 0.50625 0.10625 0.071875 0.06875
2 0.4390625 0.515625 0.0859375 0.0828125
2 0.3078125 0.403125 0.06875 0.05
2 0.221875 0.478125 0.065625 0.06875
2 0.2625 0.45625 0.0390625 0.05625
2 0.290625 0.4953125 0.065625 0.0609375
2 0.503125 0.309375 0.0515625 0.06875
0 0.4296875 0.5171875 0.040625 0.0328125
1 0.21875 0.4734375 0.0359375 0.0296875
1 0.4359375 0.3 0.034375 0.0390625
1 0.28125 0.5046875 0.0296875 0.0359375
1 0.4203125 0.1578125 0.0296875 0.0359375
1 0.5078125 0.1015625 0.0375 0.028125
1 0.040625 0.9140625 0.0390625 0.0390625
1 0.303125 0.3984375 0.0359375 0.034375
0 0.8703125 0.36875 0.034375 0.0296875
2 0.56875 0.1359375 0.071875 0.0796875
2 0.265625 0.7015625 0.05 0.053125
2 0.2765625 0.3890625 0.0484375 0.059375
2 0.034375 0.709375 0.059375 0.0609375
2 0.2875 0.54375 0.075 0.0671875
0 0.278125 0.5390625 0.0296875 0.028125