2 0.3234375 0.4453125 0.0734375 0.065625
2 0.3890625 0.5859375 0.0703125 0.075
2 0.734375 0.65 0.05625 0.0578125
2 0.390625 0.303125 0.0578125 0.059375
2 0.5421875 0.653125 0.0640625 0.04375
2 0.528125 0.528125 0.075 0.0703125
2 0.646875 0.6375 0.06875 0.05625
2 0.209375 0.3234375 0.0796875 0.0484375
2 0.390625 0.3703125 0.0578125 0.0578125
2 0.3171875 0.36875 0.0734375 0.0625
2 0.1640625 0.20625 0.059375 0.0671875
2 0.59375 0.603125 0.046875 0.059375
2 0.421875 0.1078125 0.046875 0.0578125
2 0.209375 0.1859375 0.0453125 0.0546875
2 0.7515625 0.3703125 0.05625 0.0453125
2 0.58125 0.7015625 0.0421875 0.0515625
2 0.6765625 0.553125 0.0421875 0.0609375
2 0.46875 0.3984375 0.0578125 0.0625
2 0.7734375 0.73125 0.0578125 0.040625
2 0.3171875 0.234375 0.0640625 0.046875
2 0.7828125 0.4015625 0.053125 0.0546875
2 0.215625 0.3625 0.059375 0.0453125
2 0.3234375 0.065625 0.05625 0.05625
2 0.409375 0.0234375 0.0640625 0.0421875
2 0.296875 0.0203125 0.053125 0.0390625