2 0.6828125 0.203125 0.0390625 0.0375
2 0.671875 0.590625 0.05625 0.0625
2 0.45625 0.69375 0.065625 0.05
2 0.7265625 0.25 0.0609375 0.0625
2 0.5140625 0.6125 0.065625 0.046875
2 0.2765625 0.8765625 0.065625 0.065625
2 0.821875 0.1265625 0.0421875 0.0484375
2 0.6328125 0.5734375 0.0484375 0.0625
2 0.584375 0.6109375 0.0453125 0.0359375
2 0.7109375 0.515625 0.0625 0.0671875
2 0.2140625 0.66875 0.0609375 0.0609375
2 0.778125 0.1671875 0.04375 0.046875
2 0.365625 0.7609375 0.046875 0.05
2 0.4 0.671875 0.03125 0.0390625
2 0.36875 0.3203125 0.0609375 0.0421875
2 0.6734375 0.1578125 0.0375 0.0453125
2 0.50625 0.4859375 0.0515625 0.0390625
2 0.45625 0.4984375 0.0578125 0.04375