2 0.75 0.390625 0.0640625 0.0796875
2 0.9125 0.50625 0.071875 0.0671875
2 0.696875 0.5265625 0.0765625 0.075
2 0.775 0.484375 0.0765625 0.0625
2 0.8546875 0.596875 0.05625 0.053125
2 0.4015625 0.7453125 0.0796875 0.0609375
2 0.621875 0.5796875 0.05625 0.0640625
2 0.55 0.55 0.084375 0.0671875
2 0.7640625 0.55625 0.0609375 0.078125
2 0.6953125 0.64375 0.0484375 0.0578125
2 0.496875 0.609375 0.05625 0.0421875
2 0.4921875 0.7125 0.0484375 0.05
2 0.5671875 0.60625 0.0375 0.05625
2 0.5390625 0.703125 0.04375 0.059375
2 0.571875 0.7375 0.04375 0.0515625
2 0.6515625 0.6296875 0.040625 0.05
0 0.7578125 0.3953125 0.034375 0.0265625
0 0.9109375 0.5015625 0.025 0.0296875
0 0.6953125 0.5359375 0.0296875 0.0328125
1 0.6171875 0.578125 0.025 0.025