2 0.746875 0.5921875 0.0515625 0.0375
2 0.334375 0.840625 0.0375 0.0359375
2 0.309375 0.728125 0.0578125 0.0375
2 0.265625 0.609375 0.0703125 0.0640625
2 0.753125 0.4890625 0.0546875 0.0296875
2 0.5890625 0.6875 0.053125 0.0453125
2 0.246875 0.6609375 0.05 0.0484375
2 0.115625 0.3671875 0.0609375 0.0671875
2 0.6109375 0.5625 0.065625 0.0515625
2 0.7875 0.46875 0.0390625 0.05625
2 0.59375 0.7265625 0.065625 0.0359375
2 0.7921875 0.40625 0.05625 0.0546875
2 0.63125 0.6703125 0.046875 0.0546875
2 0.6578125 0.6171875 0.040625 0.0421875
2 0.753125 0.4125 0.0578125 0.0390625
2 0.7171875 0.4671875 0.0453125 0.021875
2 0.1828125 0.8109375 0.0703125 0.05
2 0.5671875 0.446875 0.0578125 0.040625
2 0.4015625 0.5734375 0.0421875 0.053125
2 0.4828125 0.728125 0.046875 0.0625
2 0.6640625 0.659375 0.0609375 0.0421875
2 0.8625 0.434375 0.0640625 0.0484375
2 0.646875 0.56875 0.0265625 0.04375
2 0.74375 0.565625 0.0390625 0.05
2 0.734375 0.5140625 0.0484375 0.046875
2 0.7703125 0.521875 0.0546875 0.065625
2 0.809375 0.5203125 0.0296875 0.0546875
2 0.8375 0.4875 0.0625 0.053125
2 0.8234375 0.309375 0.05 0.0546875
2 0.778125 0.3609375 0.0578125 0.0453125
2 0.853125 0.3734375 0.028125 0.0453125
2 0.646875 0.390625 0.04375 0.053125
2 0.9140625 0.3265625 0.0453125 0.04375
2 0.9140625 0.2953125 0.04375 0.025
2 0.9546875 0.225 0.040625 0.05
2 0.8703125 0.296875 0.040625 0.0546875
2 0.7703125 0.271875 0.0578125 0.0375
2 0.7875 0.10625 0.028125 0.0421875
2 0.828125 0.09375 0.05 0.04375
2 0.965625 0.14375 0.0296875 0.05625
2 0.9375 0.1546875 0.0375 0.0390625
2 0.85 0.225 0.0390625 0.0296875
2 0.9171875 0.1078125 0.0640625 0.0609375
2 0.61875 0.140625 0.0265625 0.0453125
2 0.8890625 0.2390625 0.04375 0.0453125
2 0.653125 0.5078125 0.0453125 0.0375
2 0.5578125 0.6515625 0.04375 0.040625
2 0.5671875 0.540625 0.046875 0.05625
2 0.65 0.45625 0.0390625 0.0671875
2 0.6171875 0.4875 0.028125 0.0421875
2 0.5296875 0.390625 0.0453125 0.0265625
2 0.553125 0.48125 0.053125 0.0296875
2 0.55 0.6015625 0.028125 0.0328125
2 0.4875 0.56875 0.05 0.040625
2 0.4171875 0.6765625 0.040625 0.040625
2 0.4671875 0.640625 0.0359375 0.034375
2 0.1515625 0.5390625 0.0375 0.0453125
2 0.1265625 0.740625 0.046875 0.0515625
2 0.340625 0.7984375 0.05 0.03125
2 0.321875 0.8671875 0.0359375 0.03125
2 0.2703125 0.8625 0.0515625 0.0625
2 0.240625 0.8609375 0.0546875 0.040625
2 0.190625 0.8875 0.0609375 0.0515625
2 0.1453125 0.84375 0.0515625 0.0296875
2 0.1796875 0.8453125 0.034375 0.0453125
2 0.1421875 0.890625 0.071875 0.0515625
2 0.071875 0.88125 0.0328125 0.05
2 0.0875 0.6890625 0.034375 0.0421875
2 0.0703125 0.734375 0.0453125 0.053125
2 0.0734375 0.8265625 0.046875 0.053125
2 0.35 0.728125 0.0390625 0.0578125
2 0.2875 0.5625 0.0515625 0.046875
2 0.3453125 0.590625 0.04375 0.0328125
2 0.2234375 0.434375 0.0515625 0.0546875
2 0.515625 0.453125 0.0515625 0.0453125
2 0.434375 0.396875 0.0484375 0.0375
2 0.4171875 0.43125 0.053125 0.0484375
2 0.3609375 0.5375 0.05 0.0359375
2 0.4640625 0.490625 0.034375 0.053125
2 0.26875 0.4765625 0.065625 0.040625
2 0.28125 0.5046875 0.0421875 0.04375
2 0.3296875 0.4828125 0.0296875 0.0328125
2 0.3984375 0.46875 0.0609375 0.0515625
2 0.43125 0.534375 0.034375 0.0421875
2 0.0625 0.478125 0.04375 0.0234375
2 0.025 0.559375 0.0375 0.0453125
2 0.2875 0.784375 0.0421875 0.040625
2 0.6546875 0.334375 0.0234375 0.04375
2 0.6140625 0.3109375 0.034375 0.0359375
2 0.628125 0.2890625 0.0265625 0.0328125
2 0.7015625 0.3015625 0.04375 0.0359375
2 0.696875 0.3921875 0.05 0.05625
2 0.76875 0.4109375 0.0453125 0.053125
2 0.6734375 0.2453125 0.0375 0.0265625
2 0.5 0.5328125 0.0421875 0.0484375
2 0.440625 0.6140625 0.0453125 0.0359375
2 0.4890625 0.384375 0.0390625 0.0421875
2 0.3484375 0.4578125 0.0375 0.04375