2 0.8046875 0.8546875 0.071875 0.09375
2 0.4140625 0.828125 0.053125 0.0984375
2 0.59375 0.515625 0.0828125 0.0453125
2 0.7765625 0.60625 0.0671875 0.08125
2 0.2125 0.60625 0.0875 0.075
2 0.5640625 0.271875 0.0578125 0.08125
2 0.69375 0.3921875 0.084375 0.0578125
2 0.6453125 0.7609375 0.0484375 0.075
0 0.7859375 0.8515625 0.0375 0.0375
1 0.6484375 0.7609375 0.025 0.0265625
1 0.6046875 0.50625 0.03125 0.03125
0 0.565625 0.25625 0.0328125 0.04375
1 0.20625 0.6015625 0.0328125 0.0328125
1 0.403125 0.8390625 0.0359375 0.0359375
0 0.7046875 0.3796875 0.0375 0.034375