2 0.6953125 0.3671875 0.078125 0.0890625
2 0.64375 0.453125 0.09375 0.06875
2 0.6984375 0.5015625 0.065625 0.0640625
2 0.7375 0.5640625 0.0765625 0.0890625
2 0.934375 0.5625 0.115625 0.059375
2 0.89375 0.7515625 0.0859375 0.0796875
2 0.75625 0.790625 0.0890625 0.06875
2 0.6640625 0.8171875 0.071875 0.0671875
2 0.7734375 0.9359375 0.0671875 0.075
2 0.6671875 0.90625 0.059375 0.09375
2 0.434375 0.1375 0.0796875 0.059375
2 0.178125 0.1015625 0.1015625 0.0796875
2 0.2359375 0.23125 0.0625 0.0984375
2 0.5125 0.475 0.0671875 0.10625
2 0.9625 0.771875 0.0625 0.0875
2 0.8328125 0.7296875 0.059375 0.115625
2 0.184375 0.275 0.065625 0.0734375
2 0.0640625 0.2421875 0.059375 0.1
2 0.209375 0.0359375 0.103125 0.0609375
2 0.275 0.7234375 0.084375 0.0828125
2 0.034375 0.434375 0.0609375 0.0515625
1 0.9296875 0.546875 0.0375 0.0390625
1 0.9625 0.7765625 0.034375 0.0375
0 0.8890625 0.7640625 0.0328125 0.046875
1 0.7578125 0.778125 0.0375 0.0421875
0 0.6734375 0.8109375 0.0390625 0.028125
0 0.6734375 0.903125 0.05 0.0390625
1 0.7890625 0.946875 0.046875 0.03125
2 0.7875 0.73125 0.0578125 0.0671875
0 0.7234375 0.5484375 0.0390625 0.0453125
0 0.684375 0.5109375 0.0359375 0.040625
1 0.6484375 0.4390625 0.034375 0.0328125
0 0.6734375 0.3671875 0.04375 0.034375
0 0.5203125 0.4703125 0.05 0.0359375
0 0.4296875 0.1265625 0.03125 0.04375
1 0.08125 0.24375 0.0359375 0.03125
0 0.1828125 0.1046875 0.040625 0.04375
0 0.2140625 0.04375 0.0421875 0.0390625
2 0.2953125 0.4421875 0.059375 0.0578125
1 0.1609375 0.2515625 0.028125 0.034375
1 0.040625 0.4296875 0.025 0.028125