2 0.4609375 0.7515625 0.0953125 0.078125
2 0.196875 0.8953125 0.0875 0.0515625
2 0.19375 0.484375 0.071875 0.0546875
2 0.8921875 0.4203125 0.0640625 0.071875
2 0.56875 0.190625 0.0609375 0.0890625
2 0.803125 0.0625 0.0734375 0.0703125
2 0.5515625 0.490625 0.06875 0.0859375
2 0.5234375 0.5375 0.05625 0.0875
2 0.659375 0.159375 0.0484375 0.0921875
2 0.54375 0.0703125 0.053125 0.065625
2 0.6109375 0.2953125 0.0515625 0.0875
2 0.1171875 0.509375 0.065625 0.05
2 0.496875 0.8640625 0.0484375 0.075
2 0.840625 0.35 0.0625 0.06875
0 0.1328125 0.50625 0.03125 0.028125
1 0.196875 0.8765625 0.021875 0.0265625
0 0.19375 0.475 0.021875 0.028125
1 0.490625 0.8546875 0.015625 0.025
1 0.4625 0.74375 0.0234375 0.03125
1 0.5140625 0.5390625 0.0265625 0.0328125
1 0.559375 0.49375 0.0265625 0.025
0 0.884375 0.409375 0.0265625 0.0375
0 0.596875 0.290625 0.028125 0.0265625
1 0.553125 0.1890625 0.0265625 0.028125
1 0.66875 0.15625 0.025 0.0203125
0 0.5625 0.075 0.025 0.028125
0 0.803125 0.0640625 0.021875 0.0265625
1 0.815625 0.359375 0.0265625 0.0265625