2 0.665625 0.328125 0.1109375 0.1078125
2 0.884375 0.4140625 0.0984375 0.1234375
2 0.7765625 0.5875 0.06875 0.1609375
2 0.9015625 0.5390625 0.10625 0.128125
2 0.9125 0.678125 0.1328125 0.1171875
2 0.4078125 0.534375 0.053125 0.0734375
2 0.16875 0.75 0.11875 0.084375
2 0.165625 0.796875 0.1390625 0.0625
1 0.190625 0.728125 0.040625 0.04375
1 0.1734375 0.775 0.0390625 0.04375
1 0.671875 0.33125 0.04375 0.046875
0 0.9 0.4203125 0.05 0.0515625
0 0.8859375 0.534375 0.0484375 0.046875
0 0.91875 0.6703125 0.053125 0.0625
1 0.403125 0.55 0.0328125 0.0421875