2 0.8515625 0.640625 0.065625 0.0828125
2 0.828125 0.4015625 0.0875 0.0859375
2 0.46875 0.7890625 0.0859375 0.0640625
2 0.4546875 0.8765625 0.08125 0.0640625
2 0.140625 0.0640625 0.0734375 0.0796875
2 0.6359375 0.696875 0.08125 0.075
2 0.71875 0.63125 0.059375 0.06875
0 0.146875 0.0625 0.0359375 0.034375
1 0.8265625 0.40625 0.0375 0.0359375
1 0.8546875 0.6390625 0.0375 0.0296875
1 0.721875 0.634375 0.0359375 0.0296875
1 0.64375 0.6984375 0.0359375 0.0375
1 0.4625 0.8 0.028125 0.0359375
1 0.4484375 0.8578125 0.0296875 0.0390625