2 0.534375 0.159375 0.0671875 0.0828125
2 0.4359375 0.3765625 0.0609375 0.0703125
2 0.653125 0.3578125 0.0625 0.1078125
2 0.7015625 0.3296875 0.065625 0.065625
2 0.678125 0.0890625 0.0515625 0.053125
2 0.475 0.4359375 0.05625 0.0953125
2 0.528125 0.4484375 0.0546875 0.05625
2 0.7625 0.11875 0.05625 0.0578125
2 0.50625 0.5515625 0.0515625 0.075
2 0.49375 0.1203125 0.040625 0.0640625
2 0.028125 0.6765625 0.0453125 0.05625
2 0.503125 0.5015625 0.06875 0.0609375
0 0.7140625 0.315625 0.0296875 0.025
0 0.46875 0.434375 0.0390625 0.0296875
0 0.4390625 0.3796875 0.0296875 0.0296875
1 0.4953125 0.5578125 0.0296875 0.0328125
1 0.6625 0.359375 0.0234375 0.0265625
1 0.4984375 0.4984375 0.0265625 0.028125
1 0.534375 0.45 0.028125 0.03125
1 0.671875 0.090625 0.021875 0.0234375
0 0.7671875 0.1328125 0.0234375 0.0296875
0 0.54375 0.1625 0.0296875 0.028125
0 0.5 0.115625 0.0265625 0.0265625
0 0.4171875 0.0921875 0.0328125 0.0203125