2 0.190625 0.66875 0.1140625 0.1109375
2 0.3515625 0.6765625 0.109375 0.121875
2 0.3390625 0.5015625 0.0890625 0.0890625
2 0.4953125 0.575 0.1 0.1140625
2 0.9515625 0.765625 0.09375 0.1
2 0.671875 0.4140625 0.10625 0.0921875
2 0.06875 0.2765625 0.1140625 0.128125
1 0.1984375 0.6703125 0.0390625 0.0515625
1 0.3515625 0.6796875 0.046875 0.05
1 0.490625 0.559375 0.04375 0.04375
1 0.9515625 0.7484375 0.040625 0.05
1 0.3453125 0.490625 0.0390625 0.053125
0 0.6875 0.4140625 0.05 0.040625
1 0.0515625 0.271875 0.046875 0.0453125
1 0.2453125 0.078125 0.046875 0.040625
2 0.371875 0.428125 0.1328125 0.075
0 0.38125 0.4421875 0.04375 0.0625