2 0.609375 0.4109375 0.0859375 0.0625
2 0.603125 0.34375 0.0953125 0.0640625
2 0.4953125 0.39375 0.0734375 0.059375
2 0.4421875 0.3859375 0.046875 0.0640625
2 0.503125 0.46875 0.0609375 0.0640625
2 0.4421875 0.53125 0.040625 0.05625
2 0.4734375 0.221875 0.0640625 0.075
2 0.5578125 0.3125 0.0421875 0.0515625
2 0.5421875 0.246875 0.0796875 0.0515625
2 0.5953125 0.2765625 0.0515625 0.05
0 0.603125 0.4046875 0.03125 0.0265625
0 0.6 0.353125 0.0265625 0.0328125
0 0.4890625 0.3796875 0.0234375 0.040625
1 0.4765625 0.2234375 0.0234375 0.0234375
0 0.4515625 0.3734375 0.0265625 0.0265625
0 0.5 0.45625 0.021875 0.0359375
1 0.596875 0.271875 0.0203125 0.021875