2 0.4375 0.2375 0.053125 0.0734375
2 0.2234375 0.55 0.0609375 0.0546875
2 0.7 0.090625 0.0546875 0.065625
2 0.54375 0.4453125 0.0484375 0.05
2 0.203125 0.6234375 0.059375 0.05625
2 0.48125 0.3234375 0.0453125 0.04375
2 0.50625 0.234375 0.053125 0.0421875
2 0.1328125 0.584375 0.0375 0.05
2 0.5765625 0.275 0.059375 0.0375
2 0.5140625 0.1828125 0.05 0.05625
2 0.55 0.265625 0.040625 0.0484375
2 0.165625 0.5546875 0.04375 0.0421875
2 0.4015625 0.29375 0.0421875 0.046875
2 0.4359375 0.359375 0.0375 0.046875
2 0.48125 0.0421875 0.053125 0.0375
2 0.5140625 0.39375 0.040625 0.034375
2 0.55 0.3828125 0.025 0.0484375
2 0.446875 0.6640625 0.0421875 0.0546875
2 0.4734375 0.5890625 0.040625 0.0546875
2 0.459375 0.4625 0.0390625 0.040625
2 0.503125 0.275 0.046875 0.05
2 0.5609375 0.40625 0.040625 0.0234375