2 0.4296875 0.1625 0.0953125 0.0640625
2 0.4046875 0.2015625 0.084375 0.065625
2 0.428125 0.26875 0.0609375 0.0875
2 0.48125 0.2765625 0.071875 0.0828125
2 0.5578125 0.2671875 0.071875 0.0625
2 0.5328125 0.50625 0.115625 0.0671875
2 0.5453125 0.6828125 0.078125 0.0765625
2 0.9390625 0.7546875 0.059375 0.0578125
2 0.6546875 0.7140625 0.115625 0.065625
2 0.31875 0.2546875 0.065625 0.0453125
2 0.775 0.8390625 0.0546875 0.0765625
2 0.4421875 0.6078125 0.0828125 0.071875
2 0.528125 0.403125 0.0484375 0.053125
2 0.0546875 0.109375 0.0734375 0.0671875
2 0.4046875 0.5 0.0703125 0.0734375
2 0.2796875 0.3796875 0.065625 0.059375
1 0.7765625 0.846875 0.0265625 0.040625
1 0.6515625 0.703125 0.028125 0.0390625
1 0.959375 0.7640625 0.0328125 0.028125
1 0.54375 0.6796875 0.0375 0.0359375
1 0.4421875 0.590625 0.034375 0.0390625
1 0.534375 0.496875 0.034375 0.0453125
0 0.4234375 0.490625 0.0375 0.0375
1 0.525 0.4 0.0328125 0.034375
1 0.2921875 0.390625 0.0359375 0.03125
1 0.5625 0.265625 0.0421875 0.0359375
1 0.4875 0.275 0.0375 0.0375
1 0.4140625 0.2703125 0.034375 0.0390625
1 0.321875 0.2421875 0.0296875 0.0375
1 0.4015625 0.2125 0.025 0.0390625
1 0.4265625 0.1515625 0.034375 0.0390625
1 0.0609375 0.1171875 0.03125 0.025