2 0.3046875 0.4140625 0.0765625 0.0625
2 0.1625 0.4609375 0.059375 0.0578125
2 0.521875 0.3890625 0.0515625 0.071875
2 0.3140625 0.5125 0.0578125 0.06875
2 0.6328125 0.59375 0.0625 0.0625
2 0.85 0.753125 0.0625 0.0703125
2 0.5609375 0.771875 0.0578125 0.065625
2 0.46875 0.4953125 0.05625 0.0546875
2 0.4828125 0.4265625 0.0578125 0.05625
2 0.6140625 0.9171875 0.0625 0.0609375
2 0.45625 0.3765625 0.05625 0.059375
2 0.6421875 0.875 0.0515625 0.0546875
2 0.6140625 0.75 0.059375 0.0640625
2 0.603125 0.5375 0.0546875 0.04375
2 0.65625 0.78125 0.0546875 0.0578125
2 0.4296875 0.3953125 0.053125 0.05
2 0.590625 0.6375 0.0453125 0.05625
2 0.3328125 0.571875 0.059375 0.065625
2 0.6453125 0.9625 0.0734375 0.05
2 0.696875 0.7765625 0.0546875 0.046875
2 0.5125 0.484375 0.04375 0.065625
2 0.796875 0.8859375 0.053125 0.0578125
2 0.6890625 0.8671875 0.0453125 0.0453125
2 0.7265625 0.865625 0.065625 0.0546875