2 0.0515625 0.825 0.0546875 0.0921875
2 0.765625 0.290625 0.0703125 0.05625
2 0.7765625 0.2515625 0.0671875 0.0453125
2 0.096875 0.83125 0.0640625 0.0703125
2 0.0875 0.6234375 0.0578125 0.065625
2 0.075 0.66875 0.0703125 0.0578125
2 0.11875 0.6734375 0.04375 0.06875
0 0.746875 0.303125 0.0265625 0.0390625
2 0.35625 0.646875 0.04375 0.040625
0 0.34375 0.646875 0.025 0.0234375
0 0.0953125 0.634375 0.0359375 0.0234375
1 0.0703125 0.6578125 0.0234375 0.0265625
1 0.10625 0.671875 0.021875 0.0234375
0 0.034375 0.815625 0.03125 0.028125
0 0.0765625 0.840625 0.0328125 0.0234375