2 0.940625 0.434375 0.0578125 0.10625
2 0.4953125 0.1765625 0.0578125 0.075
2 0.6171875 0.2640625 0.0921875 0.0609375
2 0.596875 0.128125 0.0609375 0.090625
2 0.8390625 0.365625 0.0453125 0.0734375
2 0.5015625 0.13125 0.05625 0.078125
1 0.93125 0.434375 0.03125 0.025
1 0.6125 0.2765625 0.0203125 0.0296875
1 0.83125 0.36875 0.0265625 0.025
0 0.503125 0.1796875 0.0296875 0.025
1 0.5984375 0.1265625 0.0265625 0.0265625
0 0.4890625 0.1296875 0.0265625 0.0234375
0 0.4546875 0.071875 0.0296875 0.0203125