2 0.153125 0.740625 0.04375 0.046875
2 0.228125 0.290625 0.0515625 0.0453125
2 0.3703125 0.3046875 0.0453125 0.0453125
2 0.39375 0.4640625 0.0453125 0.0390625
2 0.221875 0.56875 0.0375 0.0265625
2 0.209375 0.6296875 0.040625 0.0234375
2 0.7046875 0.34375 0.04375 0.03125
2 0.71875 0.375 0.0375 0.0296875
2 0.5765625 0.55625 0.021875 0.0375
2 0.671875 0.2578125 0.0296875 0.0375
2 0.7609375 0.14375 0.025 0.059375
2 0.803125 0.1984375 0.0203125 0.0484375
2 0.7921875 0.128125 0.0390625 0.04375
2 0.465625 0.396875 0.0328125 0.04375