2 0.63125 0.109375 0.0890625 0.0890625
2 0.3265625 0.6828125 0.1453125 0.1640625
2 0.4578125 0.7484375 0.184375 0.1546875
2 0.3140625 0.8546875 0.1578125 0.1640625
2 0.4015625 0.9046875 0.1125 0.1421875
2 0.5828125 0.91875 0.1890625 0.15625
2 0.7265625 0.7765625 0.1671875 0.153125
0 0.653125 0.121875 0.0375 0.065625
0 0.3125 0.6828125 0.0671875 0.0640625
1 0.465625 0.775 0.0484375 0.05
1 0.7328125 0.79375 0.0578125 0.05625
0 0.2890625 0.85625 0.0671875 0.0640625
1 0.425 0.8875 0.0515625 0.0578125
1 0.5734375 0.9078125 0.0546875 0.059375