2 0.45625 0.5140625 0.05625 0.06875
2 0.446875 0.715625 0.053125 0.05
2 0.525 0.484375 0.0546875 0.0515625
2 0.1890625 0.6265625 0.0546875 0.0703125
2 0.234375 0.5484375 0.0578125 0.04375
2 0.5828125 0.375 0.040625 0.053125
2 0.4171875 0.4296875 0.0578125 0.05
2 0.6734375 0.3359375 0.0421875 0.0515625
2 0.3875 0.825 0.0515625 0.0515625
2 0.5921875 0.61875 0.0484375 0.05
2 0.5078125 0.6875 0.05 0.046875
2 0.375 0.9796875 0.0578125 0.034375
2 0.4765625 0.4671875 0.0578125 0.05
2 0.93125 0.4828125 0.0375 0.0609375
2 0.546875 0.7140625 0.0671875 0.0453125
2 0.65625 0.2953125 0.0546875 0.04375
2 0.328125 0.4046875 0.065625 0.05625
2 0.175 0.603125 0.040625 0.0578125
2 0.1390625 0.6703125 0.040625 0.0515625
2 0.4453125 0.8359375 0.0515625 0.0515625
2 0.2734375 0.759375 0.065625 0.03125