2 0.21875 0.0734375 0.0875 0.1109375
2 0.8734375 0.8703125 0.090625 0.11875
2 0.2875 0.534375 0.0984375 0.071875
2 0.171875 0.5828125 0.11875 0.09375
2 0.0484375 0.2421875 0.09375 0.0734375
2 0.046875 0.1453125 0.0859375 0.071875
2 0.0453125 0.0828125 0.075 0.078125
2 0.4375 0.346875 0.1015625 0.09375
2 0.3390625 0.3 0.09375 0.065625
2 0.525 0.415625 0.0734375 0.0890625
2 0.55 0.3109375 0.0859375 0.084375
2 0.5125 0.215625 0.0875 0.0703125
2 0.4875 0.121875 0.090625 0.0640625
2 0.2140625 0.675 0.084375 0.0734375
2 0.1828125 0.6125 0.065625 0.040625
2 0.08125 0.428125 0.0859375 0.1109375
2 0.56875 0.190625 0.075 0.0984375
2 0.44375 0.4203125 0.065625 0.0828125
0 0.225 0.665625 0.05 0.034375
0 0.1640625 0.5796875 0.0421875 0.040625
2 0.76875 0.4984375 0.08125 0.084375
0 0.7703125 0.5 0.0453125 0.04375
1 0.2859375 0.54375 0.0359375 0.034375
0 0.5046875 0.415625 0.040625 0.040625
0 0.4390625 0.34375 0.0421875 0.0453125
0 0.334375 0.3125 0.040625 0.04375
0 0.0765625 0.4359375 0.0421875 0.0453125
1 0.5578125 0.3125 0.0390625 0.0390625
0 0.478125 0.1171875 0.0375 0.0390625
0 0.0390625 0.23125 0.0390625 0.0546875
0 0.2359375 0.0765625 0.0515625 0.040625
0 0.046875 0.0828125 0.034375 0.040625
0 0.01875 0.1328125 0.0375 0.0453125
2 0.8765625 0.6390625 0.0609375 0.0828125
0 0.871875 0.646875 0.0421875 0.034375
0 0.8703125 0.8734375 0.0390625 0.0375