2 0.6421875 0.596875 0.0859375 0.059375
2 0.41875 0.4546875 0.0796875 0.078125
2 0.4140625 0.7515625 0.0984375 0.10625
2 0.290625 0.63125 0.1015625 0.06875
1 0.521875 0.76875 0.025 0.0328125
1 0.6359375 0.6078125 0.0296875 0.0359375
1 0.284375 0.6375 0.0296875 0.040625
0 0.41875 0.4578125 0.04375 0.0390625
2 0.515625 0.7578125 0.065625 0.0625
2 0.621875 0.290625 0.046875 0.0921875
2 0.65625 0.3015625 0.08125 0.0703125
0 0.63125 0.2875 0.034375 0.0296875
2 0.4984375 0.521875 0.0625 0.05625
1 0.5203125 0.50625 0.0265625 0.0359375