2 0.9484375 0.6234375 0.0890625 0.06875
2 0.3171875 0.153125 0.0921875 0.075
2 0.4875 0.3453125 0.059375 0.0734375
2 0.8796875 0.4421875 0.05625 0.0796875
2 0.6171875 0.1453125 0.0734375 0.0796875
2 0.4171875 0.1921875 0.0546875 0.0671875
2 0.4546875 0.2890625 0.046875 0.046875
2 0.328125 0.1875 0.0703125 0.08125
2 0.375 0.15625 0.0453125 0.0765625
0 0.4984375 0.3453125 0.034375 0.0234375
1 0.4625 0.290625 0.025 0.021875
0 0.3203125 0.1375 0.03125 0.0390625
1 0.34375 0.1859375 0.0234375 0.0265625
0 0.3859375 0.15625 0.028125 0.025
1 0.6203125 0.15 0.025 0.0296875
0 0.9453125 0.6265625 0.028125 0.0296875
0 0.8890625 0.440625 0.03125 0.0234375