2 0.3859375 0.35 0.0578125 0.0625
2 0.1328125 0.5421875 0.0578125 0.0734375
2 0.3734375 0.4 0.0578125 0.053125
2 0.1359375 0.6453125 0.0484375 0.090625
2 0.2234375 0.5828125 0.0640625 0.06875
2 0.0828125 0.4765625 0.0453125 0.053125
2 0.4890625 0.3671875 0.0578125 0.05
2 0.6328125 0.3671875 0.0375 0.053125
2 0.0796875 0.415625 0.046875 0.0703125
2 0.615625 0.228125 0.0453125 0.0421875
2 0.5015625 0.23125 0.040625 0.05625
2 0.5171875 0.334375 0.0515625 0.0390625
2 0.48125 0.1734375 0.034375 0.04375