2 0.6828125 0.8171875 0.0546875 0.0578125
2 0.509375 0.8140625 0.0515625 0.0625
2 0.1015625 0.18125 0.08125 0.0546875
2 0.5953125 0.753125 0.0625 0.053125
2 0.409375 0.459375 0.0734375 0.065625
2 0.5921875 0.8859375 0.059375 0.0625
2 0.6875 0.559375 0.078125 0.04375
2 0.459375 0.5546875 0.0578125 0.071875
2 0.3453125 0.5 0.04375 0.0640625
2 0.434375 0.515625 0.0546875 0.0546875
2 0.2265625 0.41875 0.05 0.065625
2 0.3765625 0.4078125 0.053125 0.0515625
2 0.325 0.4390625 0.040625 0.0453125
2 0.3578125 0.5953125 0.0578125 0.04375
2 0.3375 0.559375 0.0546875 0.046875
2 0.678125 0.9515625 0.040625 0.0515625
2 0.6546875 0.81875 0.0515625 0.0515625
2 0.628125 0.7578125 0.04375 0.0515625
2 0.3203125 0.73125 0.0453125 0.0390625
2 0.2734375 0.4 0.0421875 0.0625
2 0.2609375 0.35625 0.059375 0.028125
2 0.1671875 0.40625 0.05 0.0484375
2 0.35625 0.4328125 0.053125 0.0484375
2 0.2515625 0.5359375 0.0359375 0.040625
2 0.1765625 0.5109375 0.0375 0.0390625
2 0.2125 0.484375 0.0390625 0.0359375
2 0.503125 0.33125 0.040625 0.05625
2 0.4640625 0.340625 0.0421875 0.040625