2 0.4484375 0.396875 0.065625 0.065625
2 0.478125 0.028125 0.0625 0.0546875
2 0.1234375 0.4140625 0.0421875 0.059375
2 0.1765625 0.3890625 0.0671875 0.05
2 0.2875 0.49375 0.059375 0.0578125
2 0.2890625 0.43125 0.0671875 0.046875
2 0.7203125 0.109375 0.0671875 0.071875
2 0.5828125 0.2265625 0.0515625 0.0734375
2 0.634375 0.2328125 0.0515625 0.0546875
2 0.5046875 0.38125 0.0703125 0.0484375
0 0.571875 0.2296875 0.034375 0.0328125
1 0.6203125 0.2265625 0.0296875 0.0265625
0 0.5046875 0.3890625 0.0265625 0.034375
1 0.45625 0.3875 0.03125 0.0390625
2 0.221875 0.3953125 0.040625 0.0578125
0 0.21875 0.4046875 0.028125 0.0359375
1 0.11875 0.4015625 0.0234375 0.03125
1 0.7203125 0.1078125 0.028125 0.0296875
2 0.2578125 0.5265625 0.0578125 0.05625