2 0.2671875 0.5171875 0.0890625 0.096875
2 0.6140625 0.253125 0.0703125 0.06875
2 0.784375 0.35 0.1265625 0.1015625
2 0.9171875 0.2984375 0.121875 0.0828125
2 0.6625 0.8765625 0.0859375 0.11875
2 0.7796875 0.7703125 0.08125 0.1109375
2 0.7921875 0.5171875 0.0765625 0.1078125
2 0.8578125 0.5734375 0.0703125 0.096875
2 0.8078125 0.6171875 0.0671875 0.065625
2 0.46875 0.7390625 0.0953125 0.1140625
2 0.3921875 0.734375 0.1265625 0.071875
2 0.31875 0.678125 0.1375 0.090625
2 0.2 0.7875 0.103125 0.13125
2 0.075 0.875 0.08125 0.0984375
2 0.1765625 0.6109375 0.0875 0.053125
2 0.228125 0.6015625 0.0890625 0.046875
2 0.321875 0.6015625 0.075 0.065625
2 0.321875 0.5515625 0.065625 0.0640625
1 0.9234375 0.2828125 0.0296875 0.034375
1 0.609375 0.2640625 0.028125 0.034375
0 0.790625 0.3359375 0.0421875 0.046875
0 0.765625 0.771875 0.040625 0.0375
1 0.48125 0.746875 0.0359375 0.0359375
1 0.3921875 0.7140625 0.0296875 0.034375
0 0.3234375 0.6546875 0.040625 0.0578125
1 0.2625 0.5109375 0.0328125 0.0328125
1 0.21875 0.7875 0.0421875 0.034375
1 0.05625 0.875 0.0359375 0.03125
1 0.7921875 0.5078125 0.034375 0.0390625
0 0.828125 0.6046875 0.0296875 0.0296875
1 0.8625 0.571875 0.03125 0.0265625