2 0.1953125 0.1625 0.0546875 0.0578125
2 0.290625 0.3484375 0.0328125 0.0453125
2 0.415625 0.171875 0.0609375 0.028125
2 0.1046875 0.4171875 0.04375 0.0578125
2 0.6015625 0.346875 0.0453125 0.034375
2 0.109375 0.2515625 0.0484375 0.059375
2 0.6515625 0.6234375 0.0375 0.05
2 0.496875 0.4609375 0.034375 0.0375
2 0.446875 0.4921875 0.0453125 0.0453125
2 0.5671875 0.509375 0.046875 0.0375
2 0.6453125 0.5859375 0.0359375 0.0359375
2 0.4515625 0.6 0.0390625 0.0359375
2 0.4828125 0.59375 0.034375 0.028125
2 0.6609375 0.6640625 0.0390625 0.0296875
2 0.1015625 0.203125 0.0546875 0.04375
2 0.15 0.3625 0.053125 0.0390625
2 0.2984375 0.503125 0.0375 0.0453125
2 0.0359375 0.2640625 0.046875 0.046875
2 0.15625 0.334375 0.0390625 0.03125
2 0.559375 0.38125 0.0390625 0.0390625
2 0.234375 0.3671875 0.03125 0.0328125
2 0.1609375 0.3 0.0484375 0.04375
2 0.075 0.328125 0.0359375 0.040625
2 0.0234375 0.428125 0.04375 0.040625