2 0.3734375 0.734375 0.0578125 0.059375
2 0.4609375 0.3546875 0.059375 0.053125
2 0.1921875 0.49375 0.0640625 0.0453125
2 0.7828125 0.2421875 0.0609375 0.071875
2 0.6265625 0.14375 0.053125 0.0859375
2 0.684375 0.165625 0.0703125 0.05
2 0.6609375 0.2484375 0.1078125 0.0453125
1 0.378125 0.7375 0.0296875 0.0265625
1 0.184375 0.484375 0.0265625 0.028125
2 0.215625 0.5171875 0.0546875 0.0546875
1 0.209375 0.5046875 0.025 0.0265625
1 0.4671875 0.35625 0.0328125 0.0265625
0 0.7796875 0.2359375 0.0328125 0.0390625
0 0.6390625 0.140625 0.0359375 0.0265625
1 0.68125 0.178125 0.021875 0.0296875
1 0.6546875 0.2390625 0.0296875 0.0203125