2 0.09375 0.865625 0.103125 0.125
2 0.6453125 0.95 0.0875 0.06875
2 0.58125 0.9015625 0.1640625 0.1125
2 0.1234375 0.521875 0.1453125 0.1015625
2 0.1609375 0.4953125 0.0921875 0.1234375
2 0.125 0.1609375 0.115625 0.1203125
2 0.5328125 0.571875 0.084375 0.04375
2 0.5015625 0.5203125 0.0984375 0.06875
2 0.5078125 0.4640625 0.1046875 0.0609375
2 0.5859375 0.5796875 0.0828125 0.134375
2 0.39375 0.421875 0.0875 0.1
2 0.35625 0.4 0.096875 0.0734375
2 0.3421875 0.31875 0.0890625 0.1265625
1 0.078125 0.8625 0.040625 0.0375
1 0.5890625 0.8890625 0.040625 0.05
1 0.1296875 0.5453125 0.0390625 0.0484375
1 0.15 0.4953125 0.040625 0.0390625
1 0.1328125 0.1640625 0.040625 0.0484375