2 0.396875 0.8390625 0.0734375 0.0640625
2 0.378125 0.45 0.0671875 0.0640625
2 0.3015625 0.5890625 0.0515625 0.05625
2 0.390625 0.5625 0.05625 0.0515625
2 0.265625 0.69375 0.0546875 0.046875
2 0.9578125 0.1390625 0.0515625 0.0359375
2 0.25 0.74375 0.06875 0.05625
2 0.85 0.7046875 0.0421875 0.028125
2 0.8234375 0.6921875 0.0421875 0.034375
2 0.746875 0.8875 0.0546875 0.03125
2 0.546875 0.7703125 0.0640625 0.0546875
2 0.4953125 0.778125 0.0390625 0.053125
2 0.5546875 0.7078125 0.0421875 0.05625
2 0.6359375 0.6609375 0.04375 0.046875
2 0.3546875 0.6375 0.05 0.0359375
2 0.4 0.6265625 0.0609375 0.028125
2 0.66875 0.521875 0.0453125 0.040625
2 0.86875 0.428125 0.0328125 0.040625
2 0.9296875 0.4203125 0.046875 0.0359375