2 0.403125 0.621875 0.0625 0.0671875
2 0.8796875 0.521875 0.059375 0.059375
2 0.790625 0.28125 0.0546875 0.0546875
2 0.6078125 0.63125 0.05 0.0484375
2 0.5859375 0.78125 0.06875 0.06875
2 0.85625 0.66875 0.0578125 0.059375
2 0.7359375 0.40625 0.0515625 0.046875
2 0.8046875 0.5640625 0.04375 0.0390625
2 0.478125 0.7234375 0.0515625 0.05
2 0.5140625 0.7859375 0.0578125 0.0625
2 0.94375 0.3078125 0.053125 0.059375
2 0.6125 0.565625 0.0359375 0.05625
2 0.6125 0.6953125 0.046875 0.0375
2 0.6828125 0.3359375 0.0421875 0.0625
2 0.346875 0.8796875 0.0515625 0.071875
2 0.703125 0.8109375 0.0515625 0.0734375
2 0.646875 0.4875 0.0453125 0.0609375
2 0.5609375 0.6453125 0.0359375 0.0359375
2 0.896875 0.653125 0.0453125 0.0640625
2 0.5375 0.6015625 0.0390625 0.04375
2 0.675 0.7234375 0.0515625 0.0375
2 0.55 0.534375 0.05 0.05625
2 0.9765625 0.4921875 0.0421875 0.040625
2 0.665625 0.80625 0.0421875 0.053125
2 0.9359375 0.6640625 0.0359375 0.0546875
2 0.978125 0.6296875 0.040625 0.04375
2 0.9796875 0.65625 0.0375 0.034375
2 0.74375 0.565625 0.0609375 0.0578125
2 0.41875 0.7578125 0.0375 0.0421875
2 0.65 0.6328125 0.053125 0.04375
2 0.778125 0.484375 0.053125 0.053125
2 0.5203125 0.8296875 0.046875 0.0453125
2 0.625 0.915625 0.05 0.040625
2 0.9203125 0.528125 0.046875 0.05625