2 0.7609375 0.128125 0.0640625 0.071875
2 0.60625 0.7375 0.0640625 0.065625
2 0.784375 0.578125 0.0671875 0.0546875
2 0.6609375 0.5453125 0.0515625 0.05
2 0.784375 0.5140625 0.0703125 0.0578125
2 0.225 0.65625 0.065625 0.0578125
2 0.7125 0.5625 0.053125 0.0625
2 0.9125 0.4921875 0.05625 0.04375
2 0.6171875 0.5984375 0.0484375 0.0359375
2 0.9640625 0.521875 0.0578125 0.046875
2 0.759375 0.54375 0.0375 0.0515625
2 0.846875 0.5546875 0.0421875 0.0328125
1 0.228125 0.6640625 0.0203125 0.0265625
0 0.7703125 0.1296875 0.034375 0.025